0,
0,
0,
0,
0,
0,
0,
0,
0,
0,
0,
0,
0,
0,
0,
0,
0,
495,
990,
1484,
1978,
2472,
2965,
3458,
3950,
4441,
4930,
5419,
5907,
6393,
6877,
7360,
7842,
8322,
8799,
9275,
9749,
10220,
10689,
11156,
11620,
12081,
12540,
12996,
13448,
13898,
14345,
14788,
15228,
15665,
16097,
16527,
16952,
17374,
17791,
18205,
18614,
19020,
19420,
19817,
20209,
20596,
20978,
21356,
21729,
22097,
22460,
22818,
23170,
23518,
23860,
24196,
24527,
24853,
25172,
25486,
25794,
26097,
26393,
26683,
26968,
27246,
27517,
27783,
28042,
28295,
28541,
28781,
29015,
29241,
29461,
29675,
29881,
30081,
30274,
30460,
30639,
30811,
30976,
31133,
31284,
31428,
31564,
31694,
31816,
31931,
32038,
32138,
32231,
32317,
32395,
32466,
32529,
32585,
32634,
32675,
32708,
32734,
32753,
32764,
32767,
32767,
32767,
32767,
32767,
32767,
32767,
32767,
32767,
