0,
0,
0,
0,
0,
0,
0,
0,
0,
0,
0,
0,
0,
0,
0,
0,
0,
0,
0,
0,
0,
0,
0,
0,
0,
0,
0,
0,
0,
0,
0,
0,
0,
247,
495,
742,
990,
1237,
1484,
1731,
1978,
2225,
2472,
2719,
2965,
3212,
3458,
3704,
3950,
4195,
4441,
4686,
4930,
5175,
5419,
5663,
5907,
6150,
6393,
6635,
6877,
7119,
7360,
7601,
7842,
8082,
8322,
8561,
8799,
9037,
9275,
9512,
9749,
9985,
10220,
10455,
10689,
10923,
11156,
11388,
11620,
11851,
12081,
12311,
12540,
12768,
12996,
13222,
13448,
13674,
13898,
14122,
14345,
14567,
14788,
15009,
15228,
15447,
15665,
15881,
16097,
16313,
16527,
16740,
16952,
17163,
17374,
17583,
17791,
17999,
18205,
18410,
18614,
18817,
19020,
19220,
19420,
19619,
19817,
20013,
20209,
20403,
20596,
20788,
20978,
21168,
21356,
21543,
21729,
21914,
22097,
22279,
22460,
22640,
22818,
22995,
23170,
23345,
23518,
23689,
23860,
24029,
24196,
24362,
24527,
24691,
24853,
25013,
25172,
25330,
25486,
25641,
25794,
25946,
26097,
26246,
26393,
26539,
26683,
26826,
26968,
27107,
27246,
27382,
27517,
27651,
27783,
27913,
28042,
28169,
28295,
28419,
28541,
28662,
28781,
28899,
29015,
29129,
29241,
29352,
29461,
29569,
29675,
29779,
29881,
29982,
30081,
30178,
30274,
30368,
30460,
30550,
30639,
30725,
30811,
30894,
30976,
31055,
31133,
31210,
31284,
31357,
31428,
31497,
31564,
31630,
31694,
31756,
31816,
31874,
31931,
31985,
32038,
32089,
32138,
32186,
32231,
32275,
32317,
32357,
32395,
32431,
32466,
32498,
32529,
32558,
32585,
32610,
32634,
32655,
32675,
32692,
32708,
32722,
32734,
32745,
32753,
32760,
32764,
32767,
32767,
32767,
32767,
32767,
32767,
32767,
32767,
32767,
32767,
32767,
32767,
32767,
32767,
32767,
32767,
32767,
32767,
