0.541974179590811,
0.365541776214380,
0.319191117816630,
0.145102350346098,
0.179084158795759,
0.211990895484773,
0.284323703650103,
0.237443397894614,
0.350072067789514,
0.563204994617144,
0.800573194864760,
0.998903874624085,
0.949831877512833,
0.629230887260221,
0.448480013408684,
0.264842592244505,
0.297249243520307,
0.501015886519859,
0.526299267743116,
0.477793576930874,
0.327336754514304,
0.667217448670005,
1.56307915815718,
1.70577895150454,
1.52372756143365,
1.39973389832774,
1.40165669031122,
2.93520344857707,
4.08027175558652,
3.21590306026280,
2.85379858618613,
3.09561757056825,
2.67392629728370,
3.16142877827438,
3.65886189237438,
4.08748911110854,
3.98890452866914,
3.53295980164369,
4.38186269304732,
5.24978608945917,
5.63234974174454,
6.95153996382035,
7.36777589498913,
7.92430417920189,
8.59868787838355,
8.21972705254868,
7.47066118345313,
7.00008645730663,
7.84001420700587,
8.96401173527408,
8.82529708195020,
7.02909200118939,
6.20510660555058,
7.26267188077351,
7.59693257832195,
7.21150577583695,
6.58919908678292,
6.21841624274669,
5.54206231932397,
5.63044378100281,
5.78858814819605,
5.40100469480773,
4.60915503899924,
3.78431408986235,
3.07068714831919,
2.15414770896496,
1.75301068775535,
1.55093906050044,
1.31597131832389,
1.26324341261548,
1.10857737464837,
0.889473478973595,
0.662233117492942,
0.649802471392760,
0.601304116013632,
0.862193335892854,
1.32993494886430,
1.55082989358982,
2.06023412588770,
2.34360403114236,
2.46586011797865,
2.96732774000847,
3.34943059483857,
3.89304539105978,
3.89348512290975,
4.19683619784330,
5.21759924653942,
6.14987941593400,
6.31833632337177,
5.99444502322367,
5.96749813197090,
6.35068738220144,
8.89886779479946,
7.72968166765844,
5.17229027298513,
3.89491892377641,
3.72863019791313,
4.11395261531025,
4.42287796763254,
5.80151176897416,
6.06515444363340,
5.62920028530397,
6.38168134145556,
8.03293908850740,
10.7136083549000,
11.3369819339167,
10.8599410745114,
12.6170656166287,
13.1468479487033,
10.5098747274946,
9.43753082895386,
10.3336429953140,
10.1607435384361,
10.7645287059692,
9.33753741278991,
7.62295768825620,
6.95579442023744,
5.99238985680678,
7.38874706097609,
8.71728483142445,
11.2642369838306,
16.4547338659662,
17.9630244597480,
15.3252434513790,
12.4321670233727,
10.9333506238377,
7.67153155998815,
7.19135817101388,
6.95144879774237,