//single phase coef Number:=24,    upsample factor:=147,     downsample factor:=160
    -1,  201,   23, -173,  441, -820, 1286,-1794, 2282,-2678, 2896,29668, 3107,-2766, 2324,-1812, 1290, -817,  436, -168,   19,  203,   -1,   -8,
   -1,  200,   28, -179,  446, -822, 1281,-1776, 2239,-2590, 2688,29665, 3319,-2853, 2365,-1829, 1294, -814,  430, -162,   14,  205,    0,   -1,
   -2,  198,   33, -184,  452, -825, 1276,-1757, 2196,-2501, 2481,29657, 3533,-2940, 2406,-1845, 1297, -810,  424, -157,    9,  207,    0,   -1,
   -2,  196,   37, -189,  456, -826, 1271,-1737, 2152,-2413, 2276,29646, 3749,-3027, 2446,-1861, 1300, -806,  418, -151,    5,  208,    1,   -1,
   -2,  194,   42, -195,  461, -828, 1265,-1717, 2108,-2324, 2073,29631, 3966,-3113, 2485,-1876, 1302, -802,  412, -145,    0,  210,    1,   -1,
   -3,  192,   46, -200,  466, -829, 1259,-1697, 2063,-2234, 1872,29612, 4185,-3199, 2524,-1891, 1304, -798,  405, -139,   -5,  212,    1,   -1,
   -3,  191,   51, -205,  470, -830, 1252,-1676, 2018,-2145, 1674,29589, 4406,-3284, 2562,-1905, 1305, -793,  399, -133,  -10,  214,    2,   -1,
   -3,  189,   55, -209,  474, -831, 1245,-1654, 1972,-2056, 1477,29563, 4629,-3369, 2599,-1919, 1306, -788,  392, -127,  -14,  215,    2,   -1,
   -4,  187,   60, -214,  478, -831, 1237,-1632, 1926,-1966, 1282,29533, 4853,-3453, 2635,-1931, 1306, -783,  385, -120,  -19,  217,    3,   -1,
   -4,  185,   64, -219,  482, -831, 1229,-1610, 1879,-1877, 1089,29500, 5078,-3536, 2671,-1944, 1306, -777,  378, -114,  -24,  218,    3,   -1,
   -4,  183,   68, -223,  486, -831, 1221,-1587, 1832,-1787,  899,29462, 5305,-3619, 2706,-1955, 1305, -771,  370, -108,  -29,  220,    4,   -1,
   -4,  181,   73, -228,  489, -831, 1212,-1563, 1784,-1697,  711,29421, 5533,-3701, 2740,-1966, 1304, -764,  363, -101,  -34,  222,    4,   -1,
   -5,  179,   77, -232,  492, -830, 1202,-1540, 1737,-1608,  525,29376, 5763,-3782, 2773,-1976, 1303, -758,  355,  -95,  -38,  223,    5,   -1,
   -5,  177,   81, -236,  495, -829, 1193,-1515, 1688,-1518,  341,29328, 5994,-3863, 2806,-1985, 1300, -751,  347,  -88,  -43,  225,    5,   -1,
   -5,  175,   86, -240,  498, -827, 1183,-1490, 1640,-1429,  159,29276, 6227,-3943, 2837,-1994, 1298, -743,  339,  -81,  -48,  226,    6,   -1,
   -5,  173,   90, -244,  500, -825, 1172,-1465, 1591,-1340,  -20,29220, 6460,-4021, 2868,-2002, 1295, -736,  331,  -75,  -53,  228,    6,   -2,
   -5,  171,   94, -248,  503, -823, 1161,-1440, 1542,-1251, -197,29160, 6695,-4099, 2898,-2009, 1291, -728,  323,  -68,  -58,  229,    7,   -2,
   -6,  169,   98, -252,  505, -821, 1150,-1414, 1492,-1162, -372,29097, 6931,-4176, 2927,-2016, 1287, -720,  314,  -61,  -63,  230,    8,   -2,
   -6,  168,  102, -256,  507, -818, 1139,-1387, 1442,-1073, -544,29030, 7169,-4252, 2955,-2022, 1282, -711,  305,  -54,  -67,  232,    8,   -2,
   -6,  166,  106, -259,  509, -816, 1127,-1360, 1392, -985, -714,28960, 7407,-4328, 2982,-2027, 1277, -702,  296,  -47,  -72,  233,    9,   -2,
   -6,  164,  110, -263,  510, -812, 1115,-1333, 1342, -897, -882,28886, 7646,-4402, 3008,-2032, 1272, -693,  287,  -40,  -77,  234,    9,   -2,
   -6,  162,  114, -266,  512, -809, 1102,-1306, 1291, -809,-1047,28809, 7887,-4475, 3033,-2035, 1266, -683,  278,  -33,  -82,  236,   10,   -2,
   -6,  160,  118, -269,  513, -805, 1089,-1278, 1241, -722,-1210,28728, 8128,-4547, 3057,-2038, 1259, -674,  269,  -25,  -87,  237,   11,   -2,
   -6,  158,  122, -273,  514, -801, 1076,-1250, 1190, -635,-1370,28643, 8370,-4617, 3080,-2040, 1252, -664,  259,  -18,  -91,  238,   11,   -2,
   -7,  156,  126, -276,  515, -797, 1062,-1222, 1139, -548,-1528,28555, 8613,-4687, 3102,-2042, 1244, -653,  250,  -11,  -96,  239,   12,   -2,
   -7,  154,  129, -278,  516, -792, 1048,-1193, 1088, -462,-1683,28463, 8857,-4755, 3123,-2042, 1236, -642,  240,   -4, -101,  241,   13,   -2,
   -7,  152,  133, -281,  516, -787, 1034,-1164, 1037, -376,-1836,28368, 9102,-4823, 3143,-2042, 1227, -631,  230,    4, -106,  242,   14,   -2,
   -7,  150,  137, -284,  516, -782, 1019,-1134,  986, -291,-1986,28270, 9347,-4889, 3162,-2041, 1218, -620,  220,   11, -111,  243,   14,   -2,
   -7,  148,  140, -286,  516, -777, 1005,-1105,  934, -206,-2134,28168, 9593,-4953, 3180,-2040, 1208, -608,  210,   19, -115,  244,   15,   -2,
   -7,  146,  144, -289,  516, -771,  990,-1075,  883, -122,-2279,28062, 9840,-5017, 3197,-2037, 1198, -597,  199,   26, -120,  245,   16,   -2,
   -7,  144,  148, -291,  516, -766,  974,-1045,  831,  -38,-2422,27953,10087,-5078, 3212,-2034, 1188, -584,  189,   34, -125,  246,   17,   -3,
   -7,  142,  151, -293,  516, -760,  958,-1015,  780,   45,-2562,27841,10335,-5139, 3227,-2030, 1176, -572,  178,   41, -129,  247,   17,   -3,
   -7,  140,  154, -295,  515, -753,  942, -984,  729,  127,-2699,27726,10583,-5198, 3240,-2025, 1165, -559,  167,   49, -134,  248,   18,   -3,
   -7,  138,  158, -297,  514, -747,  926, -954,  677,  209,-2834,27607,10831,-5256, 3252,-2020, 1153, -546,  156,   57, -139,  249,   19,   -3,
   -7,  136,  161, -299,  513, -740,  910, -923,  626,  290,-2966,27485,11080,-5312, 3264,-2014, 1140, -533,  145,   64, -143,  250,   20,   -3,
   -7,  134,  164, -301,  512, -733,  893, -892,  575,  371,-3095,27360,11330,-5366, 3273,-2006, 1127, -519,  134,   72, -148,  250,   21,   -3,
   -8,  132,  168, -302,  511, -726,  876, -860,  524,  450,-3222,27231,11579,-5420, 3282,-1998, 1113, -506,  123,   80, -152,  251,   22,   -3,
   -8,  130,  171, -304,  509, -718,  859, -829,  473,  529,-3346,27099,11829,-5471, 3290,-1990, 1099, -491,  112,   87, -157,  252,   23,   -3,
   -8,  128,  174, -305,  507, -710,  841, -797,  422,  607,-3467,26965,12079,-5521, 3296,-1980, 1084, -477,  100,   95, -161,  253,   24,   -3,
   -8,  126,  177, -307,  505, -702,  824, -766,  371,  685,-3586,26827,12329,-5569, 3301,-1970, 1069, -462,   89,  103, -166,  253,   24,   -3,
   -8,  124,  180, -308,  503, -694,  806, -734,  320,  761,-3702,26686,12579,-5615, 3305,-1959, 1053, -448,   77,  111, -170,  254,   25,   -3,
   -8,  123,  183, -309,  501, -686,  788, -702,  270,  837,-3815,26541,12830,-5660, 3308,-1947, 1037, -433,   65,  118, -174,  255,   26,   -3,
   -8,  121,  186, -310,  499, -677,  770, -670,  219,  912,-3926,26394,13080,-5703, 3309,-1934, 1021, -417,   53,  126, -179,  255,   27,   -3,
   -8,  119,  189, -311,  496, -669,  751, -638,  169,  986,-4034,26244,13330,-5744, 3310,-1921, 1004, -402,   41,  134, -183,  256,   28,   -4,
   -8,  117,  191, -311,  493, -660,  733, -606,  120, 1059,-4139,26091,13580,-5783, 3309,-1906,  986, -386,   29,  142, -187,  256,   29,   -4,
   -8,  115,  194, -312,  491, -651,  714, -574,   70, 1131,-4241,25935,13829,-5821, 3306,-1891,  968, -370,   17,  150, -192,  256,   30,   -4,
   -8,  113,  197, -312,  488, -641,  695, -542,   21, 1203,-4341,25776,14079,-5857, 3303,-1875,  950, -353,    5,  157, -196,  257,   32,   -4,
   -8,  111,  200, -313,  484, -632,  676, -510,  -28, 1273,-4438,25614,14328,-5890, 3298,-1858,  931, -337,   -7,  165, -200,  257,   33,   -4,
   -8,  109,  202, -313,  481, -622,  657, -478,  -77, 1342,-4532,25449,14577,-5922, 3292,-1841,  912, -320,  -19,  173, -204,  257,   34,   -4,
   -8,  107,  205, -313,  478, -612,  637, -445, -126, 1411,-4624,25282,14826,-5952, 3285,-1822,  892, -303,  -32,  181, -208,  257,   35,   -4,
   -8,  106,  207, -313,  474, -602,  618, -413, -174, 1478,-4713,25111,15074,-5980, 3276,-1803,  872, -286,  -44,  188, -212,  258,   36,   -4,
   -8,  104,  209, -313,  470, -592,  598, -381, -221, 1544,-4799,24939,15321,-6005, 3266,-1783,  851, -269,  -57,  196, -216,  258,   37,   -4,
   -8,  102,  212, -313,  466, -582,  579, -349, -269, 1609,-4882,24763,15568,-6029, 3255,-1763,  830, -251,  -69,  204, -220,  258,   38,   -4,
   -7,  100,  214, -312,  462, -571,  559, -317, -316, 1674,-4963,24585,15814,-6051, 3242,-1741,  808, -233,  -82,  211, -223,  258,   39,   -4,
   -7,   98,  216, -312,  458, -561,  539, -285, -362, 1737,-5040,24404,16060,-6070, 3228,-1719,  786, -216,  -94,  219, -227,  258,   41,   -5,
   -7,   97,  218, -312,  453, -550,  519, -253, -409, 1799,-5116,24221,16305,-6088, 3213,-1696,  764, -197, -107,  227, -231,  258,   42,   -5,
   -7,   95,  220, -311,  449, -539,  499, -221, -454, 1860,-5188,24035,16549,-6103, 3197,-1672,  741, -179, -120,  234, -234,  258,   43,   -5,
   -7,   93,  223, -310,  444, -528,  478, -189, -500, 1919,-5258,23846,16793,-6116, 3179,-1648,  718, -161, -133,  242, -238,  257,   44,   -5,
   -7,   91,  225, -309,  440, -517,  458, -157, -545, 1978,-5325,23656,17035,-6127, 3159,-1622,  694, -142, -145,  249, -241,  257,   46,   -5,
   -7,   90,  226, -308,  435, -505,  438, -126, -589, 2035,-5389,23463,17277,-6136, 3139,-1596,  671, -123, -158,  256, -245,  257,   47,   -5,
   -7,   88,  228, -307,  430, -494,  418,  -94, -633, 2092,-5451,23267,17518,-6142, 3117,-1569,  646, -104, -171,  264, -248,  257,   48,   -5,
   -7,   86,  230, -306,  425, -482,  397,  -63, -677, 2147,-5509,23069,17757,-6146, 3094,-1542,  621,  -85, -184,  271, -252,  256,   50,   -5,
   -7,   84,  232, -305,  419, -471,  377,  -32, -720, 2201,-5566,22869,17996,-6148, 3070,-1514,  596,  -66, -197,  278, -255,  256,   51,   -5,
   -7,   83,  234, -304,  414, -459,  356,   -1, -762, 2254,-5619,22667,18233,-6147, 3044,-1484,  571,  -47, -209,  286, -258,  255,   52,   -5,
   -7,   81,  235, -302,  408, -447,  336,   30, -804, 2305,-5670,22463,18469,-6145, 3017,-1455,  545,  -27, -222,  293, -261,  255,   54,   -5,
   -7,   79,  237, -301,  403, -435,  315,   61, -845, 2356,-5718,22256,18704,-6139, 2988,-1424,  519,   -8, -235,  300, -264,  254,   55,   -6,
   -7,   78,  238, -299,  397, -423,  295,   91, -886, 2405,-5764,22048,18938,-6132, 2958,-1393,  493,   12, -248,  307, -267,  253,   56,   -6,
   -7,   76,  240, -297,  391, -411,  274,  122, -926, 2453,-5807,21837,19171,-6122, 2927,-1361,  466,   31, -261,  314, -270,  253,   58,   -6,
   -7,   75,  241, -296,  385, -399,  254,  152, -966, 2499,-5847,21625,19402,-6109, 2895,-1328,  439,   51, -273,  321, -273,  252,   59,   -6,
   -7,   73,  242, -294,  379, -387,  233,  181,-1005, 2544,-5885,21410,19631,-6094, 2861,-1295,  411,   71, -286,  328, -275,  251,   61,   -6,
   -6,   71,  244, -292,  373, -374,  213,  211,-1044, 2589,-5920,21194,19859,-6077, 2826,-1261,  383,   91, -299,  334, -278,  250,   62,   -6,
   -6,   70,  245, -290,  367, -362,  193,  240,-1081, 2631,-5952,20976,20086,-6057, 2790,-1227,  355,  111, -312,  341, -280,  249,   64,   -6,
   -6,   68,  246, -287,  361, -349,  172,  270,-1119, 2673,-5982,20756,20311,-6035, 2752,-1191,  327,  132, -324,  348, -283,  248,   65,   -6,
   -6,   67,  247, -285,  354, -337,  152,  298,-1155, 2713,-6010,20534,20534,-6010, 2713,-1155,  298,  152, -337,  354, -285,  247,   67,   -6,
   -6,   65,  248, -283,  348, -324,  132,  327,-1191, 2752,-6035,20311,20756,-5982, 2673,-1119,  270,  172, -349,  361, -287,  246,   68,   -6,
   -6,   64,  249, -280,  341, -312,  111,  355,-1227, 2790,-6057,20086,20976,-5952, 2631,-1081,  240,  193, -362,  367, -290,  245,   70,   -6,
   -6,   62,  250, -278,  334, -299,   91,  383,-1261, 2826,-6077,19859,21194,-5920, 2589,-1044,  211,  213, -374,  373, -292,  244,   71,   -6,
   -6,   61,  251, -275,  328, -286,   71,  411,-1295, 2861,-6094,19631,21410,-5885, 2544,-1005,  181,  233, -387,  379, -294,  242,   73,   -7,
   -6,   59,  252, -273,  321, -273,   51,  439,-1328, 2895,-6109,19402,21625,-5847, 2499, -966,  152,  254, -399,  385, -296,  241,   75,   -7,
   -6,   58,  253, -270,  314, -261,   31,  466,-1361, 2927,-6122,19171,21837,-5807, 2453, -926,  122,  274, -411,  391, -297,  240,   76,   -7,
   -6,   56,  253, -267,  307, -248,   12,  493,-1393, 2958,-6132,18938,22048,-5764, 2405, -886,   91,  295, -423,  397, -299,  238,   78,   -7,
   -6,   55,  254, -264,  300, -235,   -8,  519,-1424, 2988,-6139,18704,22256,-5718, 2356, -845,   61,  315, -435,  403, -301,  237,   79,   -7,
   -5,   54,  255, -261,  293, -222,  -27,  545,-1455, 3017,-6145,18469,22463,-5670, 2305, -804,   30,  336, -447,  408, -302,  235,   81,   -7,
   -5,   52,  255, -258,  286, -209,  -47,  571,-1484, 3044,-6147,18233,22667,-5619, 2254, -762,   -1,  356, -459,  414, -304,  234,   83,   -7,
   -5,   51,  256, -255,  278, -197,  -66,  596,-1514, 3070,-6148,17996,22869,-5566, 2201, -720,  -32,  377, -471,  419, -305,  232,   84,   -7,
   -5,   50,  256, -252,  271, -184,  -85,  621,-1542, 3094,-6146,17757,23069,-5509, 2147, -677,  -63,  397, -482,  425, -306,  230,   86,   -7,
   -5,   48,  257, -248,  264, -171, -104,  646,-1569, 3117,-6142,17518,23267,-5451, 2092, -633,  -94,  418, -494,  430, -307,  228,   88,   -7,
   -5,   47,  257, -245,  256, -158, -123,  671,-1596, 3139,-6136,17277,23463,-5389, 2035, -589, -126,  438, -505,  435, -308,  226,   90,   -7,
   -5,   46,  257, -241,  249, -145, -142,  694,-1622, 3159,-6127,17035,23656,-5325, 1978, -545, -157,  458, -517,  440, -309,  225,   91,   -7,
   -5,   44,  257, -238,  242, -133, -161,  718,-1648, 3179,-6116,16793,23846,-5258, 1919, -500, -189,  478, -528,  444, -310,  223,   93,   -7,
   -5,   43,  258, -234,  234, -120, -179,  741,-1672, 3197,-6103,16549,24035,-5188, 1860, -454, -221,  499, -539,  449, -311,  220,   95,   -7,
   -5,   42,  258, -231,  227, -107, -197,  764,-1696, 3213,-6088,16305,24221,-5116, 1799, -409, -253,  519, -550,  453, -312,  218,   97,   -7,
   -5,   41,  258, -227,  219,  -94, -216,  786,-1719, 3228,-6070,16060,24404,-5040, 1737, -362, -285,  539, -561,  458, -312,  216,   98,   -7,
   -4,   39,  258, -223,  211,  -82, -233,  808,-1741, 3242,-6051,15814,24585,-4963, 1674, -316, -317,  559, -571,  462, -312,  214,  100,   -7,
   -4,   38,  258, -220,  204,  -69, -251,  830,-1763, 3255,-6029,15568,24763,-4882, 1609, -269, -349,  579, -582,  466, -313,  212,  102,   -8,
   -4,   37,  258, -216,  196,  -57, -269,  851,-1783, 3266,-6005,15321,24939,-4799, 1544, -221, -381,  598, -592,  470, -313,  209,  104,   -8,
   -4,   36,  258, -212,  188,  -44, -286,  872,-1803, 3276,-5980,15074,25111,-4713, 1478, -174, -413,  618, -602,  474, -313,  207,  106,   -8,
   -4,   35,  257, -208,  181,  -32, -303,  892,-1822, 3285,-5952,14826,25282,-4624, 1411, -126, -445,  637, -612,  478, -313,  205,  107,   -8,
   -4,   34,  257, -204,  173,  -19, -320,  912,-1841, 3292,-5922,14577,25449,-4532, 1342,  -77, -478,  657, -622,  481, -313,  202,  109,   -8,
   -4,   33,  257, -200,  165,   -7, -337,  931,-1858, 3298,-5890,14328,25614,-4438, 1273,  -28, -510,  676, -632,  484, -313,  200,  111,   -8,
   -4,   32,  257, -196,  157,    5, -353,  950,-1875, 3303,-5857,14079,25776,-4341, 1203,   21, -542,  695, -641,  488, -312,  197,  113,   -8,
   -4,   30,  256, -192,  150,   17, -370,  968,-1891, 3306,-5821,13829,25935,-4241, 1131,   70, -574,  714, -651,  491, -312,  194,  115,   -8,
   -4,   29,  256, -187,  142,   29, -386,  986,-1906, 3309,-5783,13580,26091,-4139, 1059,  120, -606,  733, -660,  493, -311,  191,  117,   -8,
   -4,   28,  256, -183,  134,   41, -402, 1004,-1921, 3310,-5744,13330,26244,-4034,  986,  169, -638,  751, -669,  496, -311,  189,  119,   -8,
   -3,   27,  255, -179,  126,   53, -417, 1021,-1934, 3309,-5703,13080,26394,-3926,  912,  219, -670,  770, -677,  499, -310,  186,  121,   -8,
   -3,   26,  255, -174,  118,   65, -433, 1037,-1947, 3308,-5660,12830,26541,-3815,  837,  270, -702,  788, -686,  501, -309,  183,  123,   -8,
   -3,   25,  254, -170,  111,   77, -448, 1053,-1959, 3305,-5615,12579,26686,-3702,  761,  320, -734,  806, -694,  503, -308,  180,  124,   -8,
   -3,   24,  253, -166,  103,   89, -462, 1069,-1970, 3301,-5569,12329,26827,-3586,  685,  371, -766,  824, -702,  505, -307,  177,  126,   -8,
   -3,   24,  253, -161,   95,  100, -477, 1084,-1980, 3296,-5521,12079,26965,-3467,  607,  422, -797,  841, -710,  507, -305,  174,  128,   -8,
   -3,   23,  252, -157,   87,  112, -491, 1099,-1990, 3290,-5471,11829,27099,-3346,  529,  473, -829,  859, -718,  509, -304,  171,  130,   -8,
   -3,   22,  251, -152,   80,  123, -506, 1113,-1998, 3282,-5420,11579,27231,-3222,  450,  524, -860,  876, -726,  511, -302,  168,  132,   -8,
   -3,   21,  250, -148,   72,  134, -519, 1127,-2006, 3273,-5366,11330,27360,-3095,  371,  575, -892,  893, -733,  512, -301,  164,  134,   -7,
   -3,   20,  250, -143,   64,  145, -533, 1140,-2014, 3264,-5312,11080,27485,-2966,  290,  626, -923,  910, -740,  513, -299,  161,  136,   -7,
   -3,   19,  249, -139,   57,  156, -546, 1153,-2020, 3252,-5256,10831,27607,-2834,  209,  677, -954,  926, -747,  514, -297,  158,  138,   -7,
   -3,   18,  248, -134,   49,  167, -559, 1165,-2025, 3240,-5198,10583,27726,-2699,  127,  729, -984,  942, -753,  515, -295,  154,  140,   -7,
   -3,   17,  247, -129,   41,  178, -572, 1176,-2030, 3227,-5139,10335,27841,-2562,   45,  780,-1015,  958, -760,  516, -293,  151,  142,   -7,
   -3,   17,  246, -125,   34,  189, -584, 1188,-2034, 3212,-5078,10087,27953,-2422,  -38,  831,-1045,  974, -766,  516, -291,  148,  144,   -7,
   -2,   16,  245, -120,   26,  199, -597, 1198,-2037, 3197,-5017, 9840,28062,-2279, -122,  883,-1075,  990, -771,  516, -289,  144,  146,   -7,
   -2,   15,  244, -115,   19,  210, -608, 1208,-2040, 3180,-4953, 9593,28168,-2134, -206,  934,-1105, 1005, -777,  516, -286,  140,  148,   -7,
   -2,   14,  243, -111,   11,  220, -620, 1218,-2041, 3162,-4889, 9347,28270,-1986, -291,  986,-1134, 1019, -782,  516, -284,  137,  150,   -7,
   -2,   14,  242, -106,    4,  230, -631, 1227,-2042, 3143,-4823, 9102,28368,-1836, -376, 1037,-1164, 1034, -787,  516, -281,  133,  152,   -7,
   -2,   13,  241, -101,   -4,  240, -642, 1236,-2042, 3123,-4755, 8857,28463,-1683, -462, 1088,-1193, 1048, -792,  516, -278,  129,  154,   -7,
   -2,   12,  239,  -96,  -11,  250, -653, 1244,-2042, 3102,-4687, 8613,28555,-1528, -548, 1139,-1222, 1062, -797,  515, -276,  126,  156,   -7,
   -2,   11,  238,  -91,  -18,  259, -664, 1252,-2040, 3080,-4617, 8370,28643,-1370, -635, 1190,-1250, 1076, -801,  514, -273,  122,  158,   -6,
   -2,   11,  237,  -87,  -25,  269, -674, 1259,-2038, 3057,-4547, 8128,28728,-1210, -722, 1241,-1278, 1089, -805,  513, -269,  118,  160,   -6,
   -2,   10,  236,  -82,  -33,  278, -683, 1266,-2035, 3033,-4475, 7887,28809,-1047, -809, 1291,-1306, 1102, -809,  512, -266,  114,  162,   -6,
   -2,    9,  234,  -77,  -40,  287, -693, 1272,-2032, 3008,-4402, 7646,28886, -882, -897, 1342,-1333, 1115, -812,  510, -263,  110,  164,   -6,
   -2,    9,  233,  -72,  -47,  296, -702, 1277,-2027, 2982,-4328, 7407,28960, -714, -985, 1392,-1360, 1127, -816,  509, -259,  106,  166,   -6,
   -2,    8,  232,  -67,  -54,  305, -711, 1282,-2022, 2955,-4252, 7169,29030, -544,-1073, 1442,-1387, 1139, -818,  507, -256,  102,  168,   -6,
   -2,    8,  230,  -63,  -61,  314, -720, 1287,-2016, 2927,-4176, 6931,29097, -372,-1162, 1492,-1414, 1150, -821,  505, -252,   98,  169,   -6,
   -2,    7,  229,  -58,  -68,  323, -728, 1291,-2009, 2898,-4099, 6695,29160, -197,-1251, 1542,-1440, 1161, -823,  503, -248,   94,  171,   -5,
   -2,    6,  228,  -53,  -75,  331, -736, 1295,-2002, 2868,-4021, 6460,29220,  -20,-1340, 1591,-1465, 1172, -825,  500, -244,   90,  173,   -5,
   -1,    6,  226,  -48,  -81,  339, -743, 1298,-1994, 2837,-3943, 6227,29276,  159,-1429, 1640,-1490, 1183, -827,  498, -240,   86,  175,   -5,
   -1,    5,  225,  -43,  -88,  347, -751, 1300,-1985, 2806,-3863, 5994,29328,  341,-1518, 1688,-1515, 1193, -829,  495, -236,   81,  177,   -5,
   -1,    5,  223,  -38,  -95,  355, -758, 1303,-1976, 2773,-3782, 5763,29376,  525,-1608, 1737,-1540, 1202, -830,  492, -232,   77,  179,   -5,
   -1,    4,  222,  -34, -101,  363, -764, 1304,-1966, 2740,-3701, 5533,29421,  711,-1697, 1784,-1563, 1212, -831,  489, -228,   73,  181,   -4,
   -1,    4,  220,  -29, -108,  370, -771, 1305,-1955, 2706,-3619, 5305,29462,  899,-1787, 1832,-1587, 1221, -831,  486, -223,   68,  183,   -4,
   -1,    3,  218,  -24, -114,  378, -777, 1306,-1944, 2671,-3536, 5078,29500, 1089,-1877, 1879,-1610, 1229, -831,  482, -219,   64,  185,   -4,
   -1,    3,  217,  -19, -120,  385, -783, 1306,-1931, 2635,-3453, 4853,29533, 1282,-1966, 1926,-1632, 1237, -831,  478, -214,   60,  187,   -4,
   -1,    2,  215,  -14, -127,  392, -788, 1306,-1919, 2599,-3369, 4629,29563, 1477,-2056, 1972,-1654, 1245, -831,  474, -209,   55,  189,   -3,
   -1,    2,  214,  -10, -133,  399, -793, 1305,-1905, 2562,-3284, 4406,29589, 1674,-2145, 2018,-1676, 1252, -830,  470, -205,   51,  191,   -3,
   -1,    1,  212,   -5, -139,  405, -798, 1304,-1891, 2524,-3199, 4185,29612, 1872,-2234, 2063,-1697, 1259, -829,  466, -200,   46,  192,   -3,
   -1,    1,  210,    0, -145,  412, -802, 1302,-1876, 2485,-3113, 3966,29631, 2073,-2324, 2108,-1717, 1265, -828,  461, -195,   42,  194,   -2,
   -1,    1,  208,    5, -151,  418, -806, 1300,-1861, 2446,-3027, 3749,29646, 2276,-2413, 2152,-1737, 1271, -826,  456, -189,   37,  196,   -2,
   -1,    0,  207,    9, -157,  424, -810, 1297,-1845, 2406,-2940, 3533,29657, 2481,-2501, 2196,-1757, 1276, -825,  452, -184,   33,  198,   -2,
   -1,    0,  205,   14, -162,  430, -814, 1294,-1829, 2365,-2853, 3319,29665, 2688,-2590, 2239,-1776, 1281, -822,  446, -179,   28,  200,   -1,
   -8,   -1,  203,   19, -168,  436, -817, 1290,-1812, 2324,-2766, 3107,29668, 2896,-2678, 2282,-1794, 1286, -820,  441, -173,   23,  201,   -1,
