// single phase coef Number:=40,    upsample factor:=80,     downsample factor:=147
    -3,  -31, -101, -135,   -6,  184,   83, -278, -232,  388,  487, -501, -907,  603, 1634, -680,-3187,  710,10273,15604,10389,  809,-3188, -725, 1627,  627, -900, -514,  480,  395, -226, -281,   79,  185,   -3, -135, -102,  -31,   -3,    4,
   -2,  -30, -100, -135,   -9,  182,   86, -274, -237,  380,  494, -487, -915,  579, 1640, -636,-3185,  613,10156,15603,10505,  909,-3188, -769, 1620,  652, -891, -528,  473,  403, -221, -284,   75,  186,   -1, -134, -103,  -32,   -3,    0,
   -2,  -29,  -99, -136,  -11,  181,   90, -270, -242,  373,  500, -473, -922,  554, 1646, -592,-3181,  516,10038,15599,10620, 1010,-3187, -814, 1612,  676, -883, -542,  466,  410, -215, -288,   71,  187,    2, -134, -104,  -33,   -3,    0,
   -2,  -29,  -98, -136,  -14,  180,   94, -267, -247,  365,  506, -459, -928,  529, 1651, -548,-3177,  420, 9920,15593,10734, 1112,-3185, -858, 1603,  700, -874, -555,  459,  417, -210, -291,   67,  188,    5, -133, -104,  -33,   -3,    0,
   -2,  -28,  -97, -137,  -16,  178,   97, -263, -252,  357,  512, -445, -934,  505, 1655, -504,-3171,  326, 9801,15586,10847, 1214,-3182, -903, 1593,  724, -865, -569,  451,  424, -204, -294,   63,  189,    7, -133, -105,  -34,   -3,    0,
   -2,  -28,  -96, -137,  -19,  177,  101, -259, -257,  349,  518, -430, -940,  480, 1659, -461,-3165,  232, 9681,15577,10960, 1318,-3177, -947, 1583,  748, -856, -582,  443,  431, -198, -297,   59,  190,   10, -132, -106,  -35,   -3,    0,
   -2,  -27,  -95, -137,  -21,  175,  104, -255, -261,  342,  524, -416, -946,  456, 1662, -417,-3157,  140, 9560,15566,11071, 1423,-3171, -992, 1573,  772, -846, -595,  435,  438, -192, -300,   55,  191,   13, -131, -107,  -35,   -3,    0,
   -2,  -26,  -94, -137,  -24,  174,  108, -251, -266,  334,  529, -402, -951,  431, 1665, -374,-3148,   49, 9440,15553,11182, 1529,-3164,-1036, 1562,  796, -835, -608,  427,  444, -186, -303,   51,  192,   15, -131, -108,  -36,   -4,    0,
   -2,  -26,  -93, -138,  -26,  172,  111, -247, -270,  326,  534, -387, -956,  406, 1667, -331,-3138,  -42, 9318,15538,11292, 1635,-3156,-1081, 1550,  820, -825, -621,  418,  451, -180, -306,   46,  192,   18, -130, -109,  -37,   -4,    0,
   -2,  -25,  -92, -138,  -29,  171,  115, -243, -275,  318,  539, -373, -960,  382, 1668, -288,-3128, -130, 9196,15521,11401, 1743,-3147,-1125, 1537,  843, -814, -634,  410,  457, -173, -309,   42,  193,   21, -129, -110,  -38,   -4,    0,
   -1,  -25,  -91, -138,  -31,  169,  118, -239, -279,  309,  544, -358, -964,  357, 1669, -245,-3116, -218, 9074,15503,11509, 1851,-3136,-1170, 1524,  866, -803, -646,  401,  464, -167, -312,   38,  194,   23, -129, -111,  -38,   -4,    0,
   -1,  -24,  -90, -138,  -34,  167,  121, -235, -283,  301,  548, -344, -968,  332, 1669, -203,-3103, -305, 8951,15482,11616, 1960,-3125,-1214, 1510,  890, -791, -659,  392,  470, -160, -314,   34,  194,   26, -128, -112,  -39,   -4,    0,
   -1,  -24,  -89, -138,  -36,  165,  124, -231, -287,  293,  552, -329, -971,  308, 1668, -161,-3089, -390, 8827,15460,11722, 2070,-3112,-1258, 1496,  913, -779, -671,  383,  476, -154, -317,   29,  195,   29, -127, -113,  -40,   -4,    0,
   -1,  -23,  -88, -138,  -38,  164,  127, -226, -291,  285,  556, -315, -974,  283, 1667, -119,-3075, -475, 8704,15436,11827, 2181,-3097,-1302, 1481,  935, -767, -683,  373,  482, -147, -319,   25,  195,   32, -126, -113,  -40,   -5,    0,
   -1,  -23,  -87, -138,  -41,  162,  130, -222, -294,  276,  560, -300, -977,  259, 1666,  -77,-3059, -558, 8579,15411,11931, 2293,-3082,-1346, 1465,  958, -754, -695,  364,  488, -140, -322,   20,  196,   34, -125, -114,  -41,   -5,    0,
   -1,  -22,  -86, -138,  -43,  160,  133, -218, -298,  268,  564, -285, -979,  234, 1664,  -36,-3042, -640, 8455,15383,12034, 2405,-3065,-1390, 1449,  981, -741, -707,  354,  494, -134, -324,   16,  196,   37, -124, -115,  -42,   -5,    0,
   -1,  -22,  -85, -138,  -45,  158,  136, -213, -301,  260,  567, -271, -981,  210, 1661,    6,-3025, -720, 8330,15354,12135, 2519,-3047,-1434, 1432, 1003, -728, -719,  344,  499, -127, -326,   11,  197,   40, -123, -116,  -43,   -5,    0,
   -1,  -21,  -84, -138,  -48,  156,  139, -209, -305,  251,  570, -256, -983,  186, 1657,   46,-3006, -800, 8205,15323,12236, 2633,-3028,-1478, 1415, 1025, -714, -730,  334,  505, -120, -328,    7,  197,   43, -122, -117,  -44,   -5,    0,
   -1,  -21,  -83, -138,  -50,  154,  142, -204, -308,  243,  573, -242, -984,  162, 1654,   87,-2987, -878, 8079,15290,12335, 2747,-3007,-1521, 1396, 1047, -700, -741,  324,  510, -112, -330,    2,  197,   45, -121, -118,  -44,   -6,    0,
   -1,  -20,  -82, -138,  -52,  152,  144, -200, -311,  234,  576, -227, -985,  138, 1649,  127,-2966, -955, 7953,15255,12434, 2863,-2986,-1564, 1378, 1068, -685, -752,  313,  515, -105, -332,   -2,  197,   48, -120, -118,  -45,   -6,    0,
   -1,  -20,  -81, -138,  -54,  150,  147, -195, -314,  225,  578, -212, -985,  114, 1644,  167,-2945,-1031, 7827,15218,12531, 2979,-2962,-1607, 1358, 1090, -671, -763,  302,  520,  -98, -334,   -7,  197,   51, -119, -119,  -46,   -6,    0,
   -1,  -19,  -80, -138,  -57,  148,  150, -191, -317,  217,  581, -198, -985,   90, 1639,  206,-2923,-1105, 7701,15180,12627, 3096,-2938,-1650, 1338, 1111, -656, -774,  292,  525,  -90, -335,  -12,  197,   54, -118, -120,  -47,   -6,    0,
   -1,  -19,  -79, -138,  -59,  146,  152, -186, -319,  208,  583, -183, -985,   66, 1633,  245,-2900,-1178, 7574,15140,12722, 3214,-2912,-1693, 1318, 1132, -640, -784,  281,  530,  -83, -337,  -16,  197,   56, -117, -121,  -48,   -7,    0,
   -1,  -18,  -78, -138,  -61,  143,  155, -181, -322,  200,  585, -168, -985,   42, 1626,  284,-2877,-1250, 7448,15098,12816, 3332,-2885,-1735, 1296, 1152, -625, -795,  269,  535,  -76, -338,  -21,  197,   59, -116, -122,  -48,   -7,    0,
    0,  -18,  -77, -138,  -63,  141,  157, -177, -324,  191,  586, -154, -984,   19, 1619,  323,-2852,-1321, 7321,15055,12908, 3451,-2857,-1777, 1275, 1172, -609, -805,  258,  539,  -68, -340,  -26,  197,   62, -115, -122,  -49,   -7,    0,
    0,  -17,  -76, -137,  -65,  139,  159, -172, -327,  182,  588, -139, -983,   -4, 1611,  361,-2827,-1390, 7194,15010,12999, 3570,-2827,-1819, 1252, 1192, -592, -814,  247,  543,  -60, -341,  -31,  196,   65, -114, -123,  -50,   -7,    0,
    0,  -17,  -75, -137,  -67,  137,  161, -167, -329,  174,  589, -125, -981,  -28, 1603,  398,-2801,-1458, 7067,14963,13089, 3690,-2797,-1860, 1229, 1212, -576, -824,  235,  547,  -52, -342,  -35,  196,   68, -112, -124,  -51,   -8,    0,
    0,  -16,  -75, -137,  -69,  134,  164, -162, -331,  165,  590, -110, -979,  -51, 1594,  435,-2774,-1525, 6940,14914,13177, 3811,-2764,-1901, 1205, 1232, -559, -833,  223,  551,  -45, -343,  -40,  196,   70, -111, -124,  -52,   -8,    0,
    0,  -16,  -74, -137,  -71,  132,  166, -158, -333,  156,  591,  -96, -977,  -74, 1585,  472,-2747,-1591, 6813,14863,13264, 3932,-2731,-1942, 1181, 1251, -542, -842,  211,  555,  -37, -344,  -45,  195,   73, -110, -125,  -53,   -8,    0,
    0,  -15,  -73, -136,  -73,  130,  168, -153, -335,  148,  592,  -82, -974,  -96, 1575,  508,-2718,-1655, 6686,14811,13350, 4053,-2696,-1983, 1156, 1269, -524, -851,  199,  559,  -29, -345,  -50,  195,   76, -108, -126,  -53,   -8,    0,
    0,  -15,  -72, -136,  -75,  127,  170, -148, -336,  139,  592,  -68, -972, -119, 1565,  544,-2689,-1718, 6559,14758,13435, 4175,-2660,-2023, 1131, 1288, -506, -860,  187,  562,  -21, -345,  -55,  194,   78, -107, -126,  -54,   -9,    0,
    0,  -15,  -71, -136,  -77,  125,  172, -143, -338,  131,  592,  -53, -968, -141, 1555,  580,-2660,-1779, 6431,14702,13518, 4298,-2622,-2062, 1105, 1306, -488, -868,  175,  565,  -13, -346,  -60,  193,   81, -106, -127,  -55,   -9,    0,
    0,  -14,  -70, -135,  -79,  123,  173, -138, -339,  122,  592,  -39, -965, -164, 1543,  615,-2629,-1839, 6304,14645,13599, 4421,-2583,-2101, 1078, 1324, -470, -876,  162,  568,   -5, -347,  -65,  193,   84, -104, -128,  -56,   -9,    0,
    0,  -14,  -69, -135,  -81,  120,  175, -133, -341,  113,  592,  -25, -961, -186, 1532,  649,-2598,-1898, 6177,14586,13680, 4544,-2543,-2140, 1051, 1341, -451, -884,  149,  571,    3, -347,  -69,  192,   87, -103, -128,  -57,   -9,    0,
    0,  -14,  -68, -135,  -83,  118,  177, -129, -342,  105,  591,  -11, -957, -207, 1520,  683,-2566,-1956, 6051,14526,13758, 4668,-2501,-2178, 1023, 1358, -432, -892,  137,  574,   12, -347,  -74,  191,   89, -101, -129,  -58,  -10,    0,
    0,  -13,  -67, -134,  -85,  115,  179, -124, -343,   96,  591,    3, -953, -229, 1507,  717,-2534,-2012, 5924,14464,13836, 4792,-2458,-2216,  995, 1375, -413, -899,  124,  577,   20, -347,  -79,  190,   92, -100, -130,  -59,  -10,    0,
    0,  -13,  -66, -134,  -87,  113,  180, -119, -344,   87,  590,   17, -948, -250, 1494,  750,-2501,-2067, 5797,14400,13912, 4917,-2414,-2254,  966, 1391, -393, -906,  111,  579,   28, -347,  -84,  189,   95,  -98, -130,  -60,  -10,    0,
    0,  -12,  -65, -133,  -88,  110,  182, -114, -345,   79,  589,   30, -943, -271, 1481,  782,-2467,-2121, 5671,14335,13986, 5042,-2369,-2291,  937, 1407, -374, -913,   98,  581,   37, -347,  -89,  188,   97,  -97, -131,  -60,  -11,    0,
    0,  -12,  -64, -133,  -90,  108,  183, -109, -345,   70,  588,   44, -937, -292, 1467,  814,-2433,-2173, 5544,14269,14059, 5167,-2322,-2327,  907, 1423, -354, -920,   84,  583,   45, -347,  -94,  187,  100,  -95, -131,  -61,  -11,    0,
    0,  -12,  -63, -132,  -92,  105,  184, -104, -346,   62,  586,   58, -932, -313, 1453,  846,-2398,-2224, 5418,14200,14130, 5293,-2274,-2363,  877, 1438, -334, -926,   71,  585,   53, -347,  -99,  186,  102,  -93, -132,  -62,  -11,    0,
    0,  -11,  -62, -132,  -93,  102,  186,  -99, -347,   53,  585,   71, -926, -334, 1438,  877,-2363,-2274, 5293,14130,14200, 5418,-2224,-2398,  846, 1453, -313, -932,   58,  586,   62, -346, -104,  184,  105,  -92, -132,  -63,  -12,    0,
    0,  -11,  -61, -131,  -95,  100,  187,  -94, -347,   45,  583,   84, -920, -354, 1423,  907,-2327,-2322, 5167,14059,14269, 5544,-2173,-2433,  814, 1467, -292, -937,   44,  588,   70, -345, -109,  183,  108,  -90, -133,  -64,  -12,    0,
    0,  -11,  -60, -131,  -97,   97,  188,  -89, -347,   37,  581,   98, -913, -374, 1407,  937,-2291,-2369, 5042,13986,14335, 5671,-2121,-2467,  782, 1481, -271, -943,   30,  589,   79, -345, -114,  182,  110,  -88, -133,  -65,  -12,    0,
    0,  -10,  -60, -130,  -98,   95,  189,  -84, -347,   28,  579,  111, -906, -393, 1391,  966,-2254,-2414, 4917,13912,14400, 5797,-2067,-2501,  750, 1494, -250, -948,   17,  590,   87, -344, -119,  180,  113,  -87, -134,  -66,  -13,    0,
    0,  -10,  -59, -130, -100,   92,  190,  -79, -347,   20,  577,  124, -899, -413, 1375,  995,-2216,-2458, 4792,13836,14464, 5924,-2012,-2534,  717, 1507, -229, -953,    3,  591,   96, -343, -124,  179,  115,  -85, -134,  -67,  -13,    0,
    0,  -10,  -58, -129, -101,   89,  191,  -74, -347,   12,  574,  137, -892, -432, 1358, 1023,-2178,-2501, 4668,13758,14526, 6051,-1956,-2566,  683, 1520, -207, -957,  -11,  591,  105, -342, -129,  177,  118,  -83, -135,  -68,  -14,    0,
    0,   -9,  -57, -128, -103,   87,  192,  -69, -347,    3,  571,  149, -884, -451, 1341, 1051,-2140,-2543, 4544,13680,14586, 6177,-1898,-2598,  649, 1532, -186, -961,  -25,  592,  113, -341, -133,  175,  120,  -81, -135,  -69,  -14,    0,
    0,   -9,  -56, -128, -104,   84,  193,  -65, -347,   -5,  568,  162, -876, -470, 1324, 1078,-2101,-2583, 4421,13599,14645, 6304,-1839,-2629,  615, 1543, -164, -965,  -39,  592,  122, -339, -138,  173,  123,  -79, -135,  -70,  -14,    0,
    0,   -9,  -55, -127, -106,   81,  193,  -60, -346,  -13,  565,  175, -868, -488, 1306, 1105,-2062,-2622, 4298,13518,14702, 6431,-1779,-2660,  580, 1555, -141, -968,  -53,  592,  131, -338, -143,  172,  125,  -77, -136,  -71,  -15,    0,
    0,   -9,  -54, -126, -107,   78,  194,  -55, -345,  -21,  562,  187, -860, -506, 1288, 1131,-2023,-2660, 4175,13435,14758, 6559,-1718,-2689,  544, 1565, -119, -972,  -68,  592,  139, -336, -148,  170,  127,  -75, -136,  -72,  -15,    0,
    0,   -8,  -53, -126, -108,   76,  195,  -50, -345,  -29,  559,  199, -851, -524, 1269, 1156,-1983,-2696, 4053,13350,14811, 6686,-1655,-2718,  508, 1575,  -96, -974,  -82,  592,  148, -335, -153,  168,  130,  -73, -136,  -73,  -15,    0,
    0,   -8,  -53, -125, -110,   73,  195,  -45, -344,  -37,  555,  211, -842, -542, 1251, 1181,-1942,-2731, 3932,13264,14863, 6813,-1591,-2747,  472, 1585,  -74, -977,  -96,  591,  156, -333, -158,  166,  132,  -71, -137,  -74,  -16,    0,
    0,   -8,  -52, -124, -111,   70,  196,  -40, -343,  -45,  551,  223, -833, -559, 1232, 1205,-1901,-2764, 3811,13177,14914, 6940,-1525,-2774,  435, 1594,  -51, -979, -110,  590,  165, -331, -162,  164,  134,  -69, -137,  -75,  -16,    0,
    0,   -8,  -51, -124, -112,   68,  196,  -35, -342,  -52,  547,  235, -824, -576, 1212, 1229,-1860,-2797, 3690,13089,14963, 7067,-1458,-2801,  398, 1603,  -28, -981, -125,  589,  174, -329, -167,  161,  137,  -67, -137,  -75,  -17,    0,
    0,   -7,  -50, -123, -114,   65,  196,  -31, -341,  -60,  543,  247, -814, -592, 1192, 1252,-1819,-2827, 3570,12999,15010, 7194,-1390,-2827,  361, 1611,   -4, -983, -139,  588,  182, -327, -172,  159,  139,  -65, -137,  -76,  -17,    0,
    0,   -7,  -49, -122, -115,   62,  197,  -26, -340,  -68,  539,  258, -805, -609, 1172, 1275,-1777,-2857, 3451,12908,15055, 7321,-1321,-2852,  323, 1619,   19, -984, -154,  586,  191, -324, -177,  157,  141,  -63, -138,  -77,  -18,    0,
    0,   -7,  -48, -122, -116,   59,  197,  -21, -338,  -76,  535,  269, -795, -625, 1152, 1296,-1735,-2885, 3332,12816,15098, 7448,-1250,-2877,  284, 1626,   42, -985, -168,  585,  200, -322, -181,  155,  143,  -61, -138,  -78,  -18,   -1,
    0,   -7,  -48, -121, -117,   56,  197,  -16, -337,  -83,  530,  281, -784, -640, 1132, 1318,-1693,-2912, 3214,12722,15140, 7574,-1178,-2900,  245, 1633,   66, -985, -183,  583,  208, -319, -186,  152,  146,  -59, -138,  -79,  -19,   -1,
    0,   -6,  -47, -120, -118,   54,  197,  -12, -335,  -90,  525,  292, -774, -656, 1111, 1338,-1650,-2938, 3096,12627,15180, 7701,-1105,-2923,  206, 1639,   90, -985, -198,  581,  217, -317, -191,  150,  148,  -57, -138,  -80,  -19,   -1,
    0,   -6,  -46, -119, -119,   51,  197,   -7, -334,  -98,  520,  302, -763, -671, 1090, 1358,-1607,-2962, 2979,12531,15218, 7827,-1031,-2945,  167, 1644,  114, -985, -212,  578,  225, -314, -195,  147,  150,  -54, -138,  -81,  -20,   -1,
    0,   -6,  -45, -118, -120,   48,  197,   -2, -332, -105,  515,  313, -752, -685, 1068, 1378,-1564,-2986, 2863,12434,15255, 7953, -955,-2966,  127, 1649,  138, -985, -227,  576,  234, -311, -200,  144,  152,  -52, -138,  -82,  -20,   -1,
    0,   -6,  -44, -118, -121,   45,  197,    2, -330, -112,  510,  324, -741, -700, 1047, 1396,-1521,-3007, 2747,12335,15290, 8079, -878,-2987,   87, 1654,  162, -984, -242,  573,  243, -308, -204,  142,  154,  -50, -138,  -83,  -21,   -1,
    0,   -5,  -44, -117, -122,   43,  197,    7, -328, -120,  505,  334, -730, -714, 1025, 1415,-1478,-3028, 2633,12236,15323, 8205, -800,-3006,   46, 1657,  186, -983, -256,  570,  251, -305, -209,  139,  156,  -48, -138,  -84,  -21,   -1,
    0,   -5,  -43, -116, -123,   40,  197,   11, -326, -127,  499,  344, -719, -728, 1003, 1432,-1434,-3047, 2519,12135,15354, 8330, -720,-3025,    6, 1661,  210, -981, -271,  567,  260, -301, -213,  136,  158,  -45, -138,  -85,  -22,   -1,
    0,   -5,  -42, -115, -124,   37,  196,   16, -324, -134,  494,  354, -707, -741,  981, 1449,-1390,-3065, 2405,12034,15383, 8455, -640,-3042,  -36, 1664,  234, -979, -285,  564,  268, -298, -218,  133,  160,  -43, -138,  -86,  -22,   -1,
    0,   -5,  -41, -114, -125,   34,  196,   20, -322, -140,  488,  364, -695, -754,  958, 1465,-1346,-3082, 2293,11931,15411, 8579, -558,-3059,  -77, 1666,  259, -977, -300,  560,  276, -294, -222,  130,  162,  -41, -138,  -87,  -23,   -1,
    0,   -5,  -40, -113, -126,   32,  195,   25, -319, -147,  482,  373, -683, -767,  935, 1481,-1302,-3097, 2181,11827,15436, 8704, -475,-3075, -119, 1667,  283, -974, -315,  556,  285, -291, -226,  127,  164,  -38, -138,  -88,  -23,   -1,
    0,   -4,  -40, -113, -127,   29,  195,   29, -317, -154,  476,  383, -671, -779,  913, 1496,-1258,-3112, 2070,11722,15460, 8827, -390,-3089, -161, 1668,  308, -971, -329,  552,  293, -287, -231,  124,  165,  -36, -138,  -89,  -24,   -1,
    0,   -4,  -39, -112, -128,   26,  194,   34, -314, -160,  470,  392, -659, -791,  890, 1510,-1214,-3125, 1960,11616,15482, 8951, -305,-3103, -203, 1669,  332, -968, -344,  548,  301, -283, -235,  121,  167,  -34, -138,  -90,  -24,   -1,
    0,   -4,  -38, -111, -129,   23,  194,   38, -312, -167,  464,  401, -646, -803,  866, 1524,-1170,-3136, 1851,11509,15503, 9074, -218,-3116, -245, 1669,  357, -964, -358,  544,  309, -279, -239,  118,  169,  -31, -138,  -91,  -25,   -1,
    0,   -4,  -38, -110, -129,   21,  193,   42, -309, -173,  457,  410, -634, -814,  843, 1537,-1125,-3147, 1743,11401,15521, 9196, -130,-3128, -288, 1668,  382, -960, -373,  539,  318, -275, -243,  115,  171,  -29, -138,  -92,  -25,   -2,
    0,   -4,  -37, -109, -130,   18,  192,   46, -306, -180,  451,  418, -621, -825,  820, 1550,-1081,-3156, 1635,11292,15538, 9318,  -42,-3138, -331, 1667,  406, -956, -387,  534,  326, -270, -247,  111,  172,  -26, -138,  -93,  -26,   -2,
    0,   -4,  -36, -108, -131,   15,  192,   51, -303, -186,  444,  427, -608, -835,  796, 1562,-1036,-3164, 1529,11182,15553, 9440,   49,-3148, -374, 1665,  431, -951, -402,  529,  334, -266, -251,  108,  174,  -24, -137,  -94,  -26,   -2,
    0,   -3,  -35, -107, -131,   13,  191,   55, -300, -192,  438,  435, -595, -846,  772, 1573, -992,-3171, 1423,11071,15566, 9560,  140,-3157, -417, 1662,  456, -946, -416,  524,  342, -261, -255,  104,  175,  -21, -137,  -95,  -27,   -2,
    0,   -3,  -35, -106, -132,   10,  190,   59, -297, -198,  431,  443, -582, -856,  748, 1583, -947,-3177, 1318,10960,15577, 9681,  232,-3165, -461, 1659,  480, -940, -430,  518,  349, -257, -259,  101,  177,  -19, -137,  -96,  -28,   -2,
    0,   -3,  -34, -105, -133,    7,  189,   63, -294, -204,  424,  451, -569, -865,  724, 1593, -903,-3182, 1214,10847,15586, 9801,  326,-3171, -504, 1655,  505, -934, -445,  512,  357, -252, -263,   97,  178,  -16, -137,  -97,  -28,   -2,
    0,   -3,  -33, -104, -133,    5,  188,   67, -291, -210,  417,  459, -555, -874,  700, 1603, -858,-3185, 1112,10734,15593, 9920,  420,-3177, -548, 1651,  529, -928, -459,  506,  365, -247, -267,   94,  180,  -14, -136,  -98,  -29,   -2,
    0,   -3,  -33, -104, -134,    2,  187,   71, -288, -215,  410,  466, -542, -883,  676, 1612, -814,-3187, 1010,10620,15599,10038,  516,-3181, -592, 1646,  554, -922, -473,  500,  373, -242, -270,   90,  181,  -11, -136,  -99,  -29,   -2,
    0,   -3,  -32, -103, -134,   -1,  186,   75, -284, -221,  403,  473, -528, -891,  652, 1620, -769,-3188,  909,10505,15603,10156,  613,-3185, -636, 1640,  579, -915, -487,  494,  380, -237, -274,   86,  182,   -9, -135, -100,  -30,   -2,
    4,   -3,  -31, -102, -135,   -3,  185,   79, -281, -226,  395,  480, -514, -900,  627, 1627, -725,-3188,  809,10389,15604,10273,  710,-3187, -680, 1634,  603, -907, -501,  487,  388, -232, -278,   83,  184,   -6, -135, -101,  -31,   -3,
