//single phase coef Number:=64,    upsample factor:=256, 
     4,    2,  -12,    8,  -15,   15,  -19,   17,  -16,    8,    3,  -22,   48,  -82,  126, -179,  243, -317,  400, -491,  589, -691,  796, -900, 1001,-1095, 1180,-1252, 1308,-1342, 1338,31331, 1464,-1403, 1346,-1278, 1199,-1109, 1010, -906,  800, -693,  590, -491,  399, -316,  242, -178,  124,  -81,   46,  -21,    2,    9,  -16,   18,  -19,   15,  -15,    8,  -12,    2,    4,    1,
    4,    3,  -12,    8,  -15,   15,  -19,   17,  -15,    7,    4,  -23,   49,  -84,  127, -181,  245, -318,  401, -491,  588, -689,  792, -894,  992,-1082, 1162,-1226, 1270,-1281, 1212,31330, 1591,-1464, 1384,-1304, 1217,-1121, 1019, -912,  804, -695,  590, -491,  398, -314,  240, -176,  123,  -79,   45,  -20,    2,    9,  -17,   18,  -20,   15,  -15,    8,  -12,    2,    4,    0,
    4,    3,  -12,    8,  -15,   15,  -19,   17,  -15,    7,    5,  -24,   50,  -85,  129, -183,  246, -319,  401, -491,  587, -687,  788, -888,  982,-1069, 1143,-1200, 1232,-1221, 1087,31327, 1719,-1525, 1422,-1330, 1235,-1134, 1028, -918,  807, -697,  591, -490,  397, -313,  238, -175,  121,  -78,   44,  -19,    1,   10,  -17,   19,  -20,   15,  -15,    8,  -12,    2,    4,    0,
    4,    3,  -12,    8,  -15,   15,  -18,   16,  -14,    6,    6,  -25,   51,  -86,  130, -184,  247, -320,  402, -491,  586, -684,  784, -881,  973,-1055, 1124,-1173, 1193,-1160,  964,31323, 1848,-1586, 1460,-1356, 1253,-1147, 1037, -924,  811, -699,  591, -490,  396, -311,  237, -173,  119,  -76,   42,  -18,    0,   11,  -18,   19,  -20,   16,  -16,    8,  -11,    2,    4,    0,
    4,    3,  -12,    8,  -15,   14,  -18,   16,  -14,    5,    7,  -26,   53,  -88,  132, -186,  249, -321,  403, -491,  585, -682,  780, -875,  963,-1042, 1105,-1147, 1155,-1100,  840,31317, 1977,-1647, 1497,-1381, 1271,-1159, 1045, -930,  814, -701,  592, -489,  395, -310,  235, -171,  118,  -75,   41,  -17,   -1,   12,  -18,   19,  -20,   16,  -16,    8,  -11,    2,    4,    0,
    4,    3,  -12,    8,  -15,   14,  -18,   16,  -13,    5,    8,  -27,   54,  -89,  133, -187,  250, -323,  403, -491,  584, -679,  775, -868,  954,-1028, 1086,-1120, 1117,-1039,  718,31310, 2107,-1708, 1535,-1407, 1289,-1172, 1054, -935,  817, -702,  592, -489,  394, -308,  233, -169,  116,  -73,   40,  -15,   -2,   12,  -19,   20,  -20,   16,  -16,    8,  -11,    2,    4,    0,
    4,    3,  -12,    8,  -15,   14,  -18,   15,  -13,    4,    9,  -29,   55,  -91,  135, -188,  251, -324,  404, -491,  582, -677,  771, -861,  944,-1014, 1067,-1094, 1078, -979,  597,31301, 2238,-1769, 1572,-1432, 1306,-1184, 1062, -941,  821, -704,  593, -488,  393, -307,  232, -168,  114,  -72,   38,  -14,   -3,   13,  -19,   20,  -21,   16,  -16,    8,  -11,    2,    4,    0,
    4,    3,  -12,    8,  -15,   14,  -17,   15,  -12,    3,   10,  -30,   56,  -92,  136, -190,  253, -325,  404, -490,  581, -674,  766, -854,  934,-1000, 1048,-1067, 1040, -919,  476,31291, 2370,-1830, 1610,-1457, 1324,-1196, 1071, -946,  824, -705,  593, -488,  391, -305,  230, -166,  113,  -70,   37,  -13,   -4,   14,  -20,   20,  -21,   16,  -16,    8,  -11,    2,    4,    0,
    4,    3,  -12,    8,  -15,   14,  -17,   14,  -12,    2,   10,  -31,   58,  -93,  137, -191,  254, -325,  405, -490,  580, -671,  762, -847,  924, -986, 1029,-1040, 1001, -858,  357,31280, 2503,-1891, 1647,-1482, 1341,-1208, 1079, -951,  827, -707,  593, -487,  390, -304,  228, -164,  111,  -69,   36,  -12,   -5,   14,  -20,   21,  -21,   16,  -16,    8,  -11,    2,    4,    0,
    4,    3,  -12,    8,  -15,   14,  -17,   14,  -11,    2,   11,  -32,   59,  -95,  139, -193,  255, -326,  405, -490,  578, -668,  757, -840,  913, -972, 1009,-1013,  963, -798,  238,31267, 2636,-1952, 1684,-1507, 1358,-1220, 1087, -956,  830, -708,  593, -486,  389, -302,  226, -162,  109,  -67,   34,  -11,   -6,   15,  -21,   21,  -21,   16,  -16,    8,  -11,    2,    4,    0,
    4,    3,  -12,    8,  -15,   13,  -17,   14,  -10,    1,   12,  -33,   60,  -96,  140, -194,  256, -327,  405, -489,  577, -665,  752, -833,  903, -958,  990, -986,  924, -738,  120,31252, 2770,-2013, 1721,-1531, 1375,-1232, 1094, -961,  832, -709,  593, -485,  387, -300,  225, -160,  107,  -65,   33,  -10,   -7,   16,  -21,   21,  -22,   16,  -16,    8,  -11,    2,    4,    0,
    4,    3,  -12,    8,  -14,   13,  -16,   13,  -10,    0,   13,  -34,   61,  -97,  142, -195,  257, -328,  405, -489,  575, -662,  747, -825,  893, -944,  970, -959,  886, -679,    3,31236, 2904,-2074, 1758,-1556, 1392,-1243, 1102, -966,  835, -710,  593, -484,  386, -299,  223, -159,  106,  -64,   32,   -9,   -8,   16,  -22,   22,  -22,   17,  -16,    8,  -11,    2,    4,    0,
    4,    3,  -12,    8,  -14,   13,  -16,   13,   -9,    0,   14,  -35,   62,  -98,  143, -196,  258, -329,  406, -488,  573, -659,  742, -818,  882, -929,  950, -932,  847, -619, -113,31219, 3040,-2135, 1795,-1580, 1408,-1255, 1110, -971,  838, -711,  593, -483,  384, -297,  221, -157,  104,  -62,   30,   -8,   -8,   17,  -22,   22,  -22,   17,  -16,    8,  -11,    2,    4,    0,
    4,    3,  -12,    8,  -14,   13,  -16,   13,   -9,   -1,   15,  -36,   63, -100,  144, -198,  259, -329,  406, -487,  572, -656,  737, -810,  872, -915,  930, -905,  809, -560, -229,31200, 3176,-2196, 1831,-1604, 1425,-1266, 1117, -975,  840, -712,  592, -482,  383, -295,  219, -155,  102,  -61,   29,   -6,   -9,   18,  -23,   22,  -22,   17,  -16,    8,  -11,    2,    4,    0,
    4,    3,  -12,    8,  -14,   13,  -16,   12,   -8,   -2,   16,  -37,   65, -101,  145, -199,  260, -330,  406, -487,  570, -653,  732, -803,  861, -900,  910, -877,  770, -500, -343,31180, 3313,-2256, 1868,-1628, 1441,-1277, 1124, -980,  842, -713,  592, -481,  381, -293,  217, -153,  100,  -59,   27,   -5,  -10,   18,  -23,   23,  -22,   17,  -16,    8,  -11,    2,    5,    0,
    4,    3,  -12,    8,  -14,   13,  -15,   12,   -8,   -2,   16,  -38,   66, -102,  147, -200,  261, -331,  406, -486,  568, -649,  726, -795,  850, -885,  890, -850,  731, -441, -457,31158, 3450,-2317, 1904,-1652, 1457,-1288, 1131, -984,  845, -713,  592, -480,  379, -291,  215, -151,   98,  -57,   26,   -4,  -11,   19,  -24,   23,  -23,   17,  -16,    8,  -11,    1,    5,    0,
    4,    3,  -12,    7,  -14,   12,  -15,   11,   -7,   -3,   17,  -39,   67, -103,  148, -201,  262, -331,  406, -485,  566, -646,  721, -787,  839, -870,  870, -823,  693, -382, -569,31135, 3588,-2378, 1940,-1676, 1473,-1298, 1138, -988,  847, -714,  591, -479,  378, -289,  213, -149,   97,  -56,   25,   -3,  -12,   20,  -24,   23,  -23,   17,  -16,    8,  -11,    1,    5,    0,
    4,    3,  -12,    7,  -14,   12,  -15,   11,   -7,   -4,   18,  -40,   68, -105,  149, -202,  263, -332,  406, -484,  564, -642,  715, -779,  828, -855,  850, -795,  654, -323, -681,31111, 3727,-2439, 1976,-1699, 1489,-1309, 1145, -992,  849, -715,  590, -477,  376, -287,  211, -147,   95,  -54,   23,   -2,  -13,   21,  -25,   24,  -23,   17,  -16,    8,  -11,    1,    5,    0,
    4,    4,  -12,    7,  -14,   12,  -15,   11,   -6,   -4,   19,  -41,   69, -106,  150, -203,  264, -332,  406, -483,  561, -638,  710, -771,  817, -840,  830, -768,  616, -265, -792,31085, 3866,-2499, 2012,-1723, 1505,-1319, 1152, -996,  851, -715,  590, -476,  374, -285,  208, -145,   93,  -52,   22,   -1,  -14,   21,  -25,   24,  -23,   17,  -16,    8,  -11,    1,    5,    0,
    4,    4,  -12,    7,  -14,   12,  -14,   10,   -6,   -5,   20,  -42,   70, -107,  151, -204,  265, -332,  405, -482,  559, -635,  704, -763,  806, -825,  809, -740,  577, -206, -902,31058, 4007,-2560, 2048,-1746, 1520,-1330, 1158,-1000,  852, -715,  589, -474,  372, -283,  206, -143,   91,  -51,   20,    1,  -15,   22,  -26,   24,  -23,   17,  -16,    8,  -11,    1,    5,    0,
    4,    4,  -12,    7,  -14,   12,  -14,   10,   -5,   -6,   21,  -43,   71, -108,  153, -205,  266, -333,  405, -481,  557, -631,  698, -755,  794, -810,  789, -713,  538, -148,-1011,31029, 4147,-2620, 2083,-1769, 1536,-1340, 1165,-1004,  854, -715,  588, -473,  370, -281,  204, -141,   89,  -49,   19,    2,  -16,   23,  -26,   25,  -24,   18,  -16,    8,  -11,    1,    5,    0,
    4,    4,  -12,    7,  -14,   12,  -14,    9,   -5,   -6,   21,  -44,   72, -109,  154, -206,  266, -333,  405, -479,  554, -627,  692, -746,  783, -794,  768, -685,  500,  -90,-1119,30999, 4289,-2680, 2118,-1791, 1551,-1350, 1171,-1007,  855, -715,  587, -471,  368, -279,  202, -138,   87,  -47,   18,    3,  -17,   23,  -27,   25,  -24,   18,  -16,    8,  -11,    1,    5,    0,
    4,    4,  -12,    7,  -13,   11,  -13,    9,   -4,   -7,   22,  -45,   73, -110,  155, -207,  267, -333,  404, -478,  552, -623,  686, -738,  772, -779,  748, -657,  462,  -32,-1226,30967, 4431,-2740, 2153,-1814, 1565,-1359, 1177,-1010,  857, -715,  586, -470,  366, -276,  200, -136,   85,  -46,   16,    4,  -18,   24,  -27,   25,  -24,   18,  -16,    8,  -11,    1,    5,    0,
    4,    4,  -12,    7,  -13,   11,  -13,    9,   -4,   -8,   23,  -46,   74, -111,  156, -208,  268, -334,  404, -477,  549, -619,  680, -729,  760, -763,  727, -630,  423,   25,-1332,30934, 4573,-2800, 2188,-1836, 1580,-1369, 1183,-1014,  858, -715,  585, -468,  364, -274,  197, -134,   83,  -44,   15,    5,  -18,   25,  -28,   26,  -24,   18,  -16,    8,  -11,    1,    5,    0,
    3,    4,  -12,    7,  -13,   11,  -13,    8,   -3,   -8,   24,  -47,   76, -113,  157, -209,  268, -334,  403, -475,  547, -615,  674, -721,  748, -748,  707, -602,  385,   83,-1437,30900, 4717,-2860, 2223,-1858, 1595,-1378, 1189,-1017,  859, -715,  584, -466,  362, -272,  195, -132,   81,  -42,   13,    6,  -19,   25,  -28,   26,  -24,   18,  -16,    8,  -11,    1,    5,    0,
    3,    4,  -12,    7,  -13,   11,  -13,    8,   -3,   -9,   25,  -48,   77, -114,  158, -210,  269, -334,  403, -474,  544, -610,  668, -712,  736, -732,  686, -574,  346,  140,-1541,30864, 4860,-2920, 2257,-1880, 1609,-1388, 1194,-1020,  860, -715,  583, -464,  360, -269,  193, -130,   79,  -41,   12,    8,  -20,   26,  -29,   26,  -25,   18,  -16,    8,  -11,    1,    5,    0,
    3,    4,  -12,    7,  -13,   11,  -12,    7,   -2,  -10,   25,  -48,   78, -115,  159, -211,  270, -334,  402, -472,  541, -606,  662, -703,  725, -716,  665, -546,  308,  197,-1645,30827, 5005,-2979, 2291,-1902, 1623,-1397, 1200,-1023,  861, -714,  581, -462,  357, -267,  190, -128,   77,  -39,   10,    9,  -21,   27,  -29,   27,  -25,   18,  -16,    8,  -11,    1,    5,    0,
    3,    4,  -12,    7,  -13,   11,  -12,    7,   -2,  -10,   26,  -49,   79, -116,  160, -212,  270, -334,  402, -471,  539, -602,  655, -695,  713, -701,  644, -518,  270,  253,-1747,30789, 5150,-3039, 2325,-1923, 1637,-1406, 1205,-1025,  862, -714,  580, -460,  355, -265,  188, -125,   75,  -37,    9,   10,  -22,   27,  -30,   27,  -25,   18,  -17,    8,  -11,    1,    5,    0,
    3,    4,  -12,    7,  -13,   10,  -12,    7,   -1,  -11,   27,  -50,   80, -117,  161, -213,  271, -334,  401, -469,  536, -597,  649, -686,  701, -685,  623, -491,  232,  310,-1848,30749, 5295,-3098, 2359,-1945, 1651,-1414, 1210,-1028,  863, -713,  578, -458,  353, -262,  186, -123,   73,  -35,    7,   11,  -23,   28,  -30,   27,  -25,   18,  -17,    8,  -11,    1,    5,    0,
    3,    4,  -12,    7,  -13,   10,  -12,    6,   -1,  -12,   28,  -51,   81, -118,  162, -213,  271, -334,  400, -467,  533, -593,  642, -677,  689, -669,  602, -463,  194,  366,-1949,30707, 5441,-3157, 2393,-1966, 1664,-1423, 1215,-1030,  863, -713,  577, -456,  350, -260,  183, -121,   71,  -34,    6,   12,  -24,   29,  -31,   28,  -25,   18,  -17,    8,  -11,    0,    5,    0,
    3,    4,  -12,    7,  -13,   10,  -11,    6,    0,  -12,   29,  -52,   81, -119,  163, -214,  271, -334,  399, -466,  530, -588,  636, -668,  676, -653,  581, -435,  156,  422,-2048,30664, 5588,-3216, 2426,-1987, 1678,-1431, 1220,-1033,  864, -712,  575, -454,  348, -257,  181, -118,   69,  -32,    4,   13,  -25,   29,  -31,   28,  -25,   18,  -17,    8,  -10,    0,    5,    0,
    3,    4,  -12,    7,  -13,   10,  -11,    5,    1,  -13,   29,  -53,   82, -120,  164, -215,  272, -334,  398, -464,  527, -583,  629, -658,  664, -637,  560, -407,  118,  477,-2147,30620, 5735,-3275, 2459,-2007, 1691,-1439, 1225,-1035,  864, -711,  573, -452,  345, -254,  178, -116,   67,  -30,    3,   15,  -26,   30,  -32,   28,  -26,   19,  -17,    8,  -10,    0,    5,    0,
    3,    4,  -12,    7,  -12,   10,  -11,    5,    1,  -14,   30,  -54,   83, -121,  164, -215,  272, -333,  398, -462,  523, -578,  622, -649,  652, -620,  539, -379,   80,  533,-2244,30575, 5883,-3333, 2492,-2028, 1704,-1447, 1229,-1037,  865, -710,  571, -449,  343, -252,  176, -114,   65,  -28,    2,   16,  -27,   31,  -32,   28,  -26,   19,  -17,    8,  -10,    0,    5,    0,
    3,    4,  -12,    7,  -12,    9,  -10,    5,    2,  -14,   31,  -55,   84, -121,  165, -216,  272, -333,  397, -460,  520, -574,  615, -640,  640, -604,  518, -351,   42,  588,-2341,30528, 6031,-3391, 2524,-2048, 1716,-1455, 1233,-1039,  865, -709,  570, -447,  340, -249,  173, -111,   63,  -26,    0,   17,  -27,   31,  -32,   29,  -26,   19,  -17,    8,  -10,    0,    5,    0,
    3,    4,  -12,    7,  -12,    9,  -10,    4,    2,  -15,   32,  -56,   85, -122,  166, -217,  273, -333,  396, -458,  517, -569,  608, -630,  627, -588,  497, -324,    5,  643,-2436,30479, 6180,-3449, 2557,-2068, 1729,-1463, 1238,-1040,  865, -707,  568, -444,  337, -246,  170, -109,   61,  -25,   -1,   18,  -28,   32,  -33,   29,  -26,   19,  -17,    8,  -10,    0,    5,    0,
    3,    4,  -12,    6,  -12,    9,  -10,    4,    3,  -16,   32,  -56,   86, -123,  167, -217,  273, -333,  394, -456,  514, -564,  601, -621,  615, -572,  476, -296,  -33,  697,-2531,30430, 6329,-3507, 2589,-2087, 1741,-1470, 1242,-1042,  865, -706,  565, -442,  335, -244,  168, -107,   59,  -23,   -3,   19,  -29,   33,  -33,   29,  -26,   19,  -17,    8,  -10,    0,    5,    0,
    3,    4,  -12,    6,  -12,    9,  -10,    4,    3,  -16,   33,  -57,   87, -124,  168, -218,  273, -332,  393, -454,  510, -559,  594, -611,  602, -555,  454, -268,  -70,  751,-2624,30379, 6479,-3565, 2621,-2107, 1753,-1477, 1245,-1043,  864, -705,  563, -439,  332, -241,  165, -104,   57,  -21,   -4,   20,  -30,   33,  -34,   30,  -26,   19,  -17,    8,  -10,    0,    5,    0,
    3,    4,  -12,    6,  -12,    9,   -9,    3,    4,  -17,   34,  -58,   88, -125,  168, -218,  273, -332,  392, -452,  507, -553,  587, -602,  589, -539,  433, -240, -108,  805,-2716,30326, 6629,-3622, 2652,-2126, 1765,-1484, 1249,-1045,  864, -703,  561, -437,  329, -238,  162, -102,   54,  -19,   -6,   22,  -31,   34,  -34,   30,  -27,   19,  -17,    8,  -10,    0,    5,    0,
    3,    4,  -12,    6,  -12,    8,   -9,    3,    4,  -18,   35,  -59,   89, -126,  169, -219,  273, -331,  391, -449,  503, -548,  580, -592,  577, -522,  412, -213, -145,  859,-2808,30272, 6780,-3679, 2683,-2145, 1777,-1491, 1253,-1046,  863, -702,  559, -434,  326, -235,  160,  -99,   52,  -17,   -7,   23,  -32,   35,  -35,   30,  -27,   19,  -17,    8,  -10,    0,    5,    0,
    3,    5,  -12,    6,  -12,    8,   -9,    2,    5,  -18,   35,  -60,   90, -127,  170, -219,  273, -331,  390, -447,  499, -543,  573, -582,  564, -506,  391, -185, -182,  912,-2898,30217, 6931,-3736, 2714,-2163, 1788,-1498, 1256,-1047,  863, -700,  556, -431,  323, -232,  157,  -97,   50,  -16,   -9,   24,  -33,   35,  -35,   30,  -27,   19,  -17,    8,  -10,    0,    5,    0,
    3,    5,  -12,    6,  -12,    8,   -8,    2,    5,  -19,   36,  -60,   90, -127,  170, -220,  273, -330,  388, -445,  496, -538,  565, -573,  551, -489,  369, -157, -219,  965,-2988,30161, 7083,-3792, 2745,-2182, 1799,-1504, 1259,-1048,  862, -698,  554, -428,  320, -229,  154,  -94,   48,  -14,  -10,   25,  -34,   36,  -35,   31,  -27,   19,  -17,    8,  -10,    0,    5,    0,
    3,    5,  -12,    6,  -11,    8,   -8,    2,    6,  -19,   37,  -61,   91, -128,  171, -220,  273, -330,  387, -442,  492, -532,  558, -563,  538, -473,  348, -130, -256, 1017,-3076,30103, 7235,-3849, 2775,-2200, 1810,-1510, 1262,-1048,  861, -696,  551, -425,  317, -226,  152,  -92,   46,  -12,  -12,   26,  -35,   36,  -36,   31,  -27,   19,  -17,    8,  -10,    0,    5,    0,
    3,    5,  -12,    6,  -11,    8,   -8,    1,    6,  -20,   38,  -62,   92, -129,  172, -220,  273, -329,  385, -440,  488, -527,  550, -553,  525, -456,  327, -102, -293, 1069,-3164,30044, 7387,-3905, 2806,-2218, 1821,-1516, 1265,-1049,  860, -694,  549, -422,  314, -223,  149,  -89,   44,  -10,  -13,   28,  -35,   37,  -36,   31,  -27,   19,  -17,    8,  -10,   -1,    5,    0,
    3,    5,  -12,    6,  -11,    7,   -8,    1,    7,  -21,   38,  -63,   93, -130,  172, -221,  273, -328,  384, -437,  484, -521,  543, -543,  512, -439,  305,  -75, -329, 1121,-3250,29983, 7540,-3960, 2835,-2235, 1831,-1522, 1268,-1050,  859, -692,  546, -419,  311, -220,  146,  -87,   41,   -8,  -15,   29,  -36,   38,  -37,   31,  -27,   19,  -17,    8,  -10,   -1,    5,    0,
    3,    5,  -12,    6,  -11,    7,   -7,    0,    7,  -21,   39,  -64,   94, -130,  173, -221,  273, -328,  382, -435,  480, -516,  535, -533,  499, -423,  284,  -47, -366, 1173,-3335,29921, 7693,-4016, 2865,-2253, 1842,-1528, 1270,-1050,  858, -690,  543, -416,  308, -217,  143,  -84,   39,   -6,  -16,   30,  -37,   38,  -37,   32,  -27,   19,  -17,    8,  -10,   -1,    5,    0,
    3,    5,  -12,    6,  -11,    7,   -7,    0,    8,  -22,   40,  -64,   94, -131,  173, -221,  273, -327,  381, -432,  476, -510,  528, -522,  486, -406,  263,  -20, -402, 1224,-3420,29858, 7847,-4071, 2894,-2270, 1852,-1533, 1272,-1050,  857, -688,  540, -413,  305, -214,  140,  -82,   37,   -5,  -18,   31,  -38,   39,  -38,   32,  -28,   19,  -17,    8,  -10,   -1,    5,    0,
    3,    5,  -12,    6,  -11,    7,   -7,    0,    8,  -22,   40,  -65,   95, -132,  174, -222,  273, -326,  379, -429,  472, -504,  520, -512,  473, -389,  241,    8, -438, 1275,-3503,29794, 8001,-4126, 2923,-2287, 1861,-1538, 1274,-1050,  855, -685,  537, -410,  301, -211,  137,  -79,   35,   -3,  -19,   32,  -39,   40,  -38,   32,  -28,   19,  -17,    8,  -10,   -1,    5,    0,
    3,    5,  -11,    6,  -11,    7,   -6,   -1,    9,  -23,   41,  -66,   96, -132,  174, -222,  272, -325,  377, -426,  468, -499,  512, -502,  460, -372,  220,   35, -474, 1325,-3585,29728, 8155,-4180, 2952,-2303, 1871,-1543, 1276,-1050,  854, -683,  534, -406,  298, -208,  134,  -77,   32,   -1,  -21,   33,  -40,   40,  -38,   32,  -28,   19,  -17,    8,  -10,   -1,    5,    0,
    3,    5,  -11,    6,  -11,    7,   -6,   -1,    9,  -24,   42,  -67,   97, -133,  175, -222,  272, -324,  376, -424,  464, -493,  504, -492,  447, -356,  199,   62, -510, 1375,-3666,29661, 8310,-4234, 2980,-2319, 1880,-1548, 1278,-1050,  852, -680,  531, -403,  295, -205,  131,  -74,   30,    1,  -22,   34,  -41,   41,  -39,   33,  -28,   19,  -16,    8,   -9,   -1,    5,    0,
    3,    5,  -11,    5,  -10,    6,   -6,   -1,   10,  -24,   42,  -67,   97, -134,  175, -222,  272, -323,  374, -421,  460, -487,  496, -481,  433, -339,  177,   90, -546, 1425,-3746,29592, 8465,-4288, 3008,-2335, 1889,-1553, 1280,-1049,  850, -678,  528, -400,  291, -201,  128,  -71,   28,    3,  -24,   36,  -42,   41,  -39,   33,  -28,   19,  -16,    7,   -9,   -1,    5,    0,
    3,    5,  -11,    5,  -10,    6,   -6,   -2,   10,  -25,   43,  -68,   98, -134,  176, -222,  272, -322,  372, -418,  455, -481,  488, -471,  420, -322,  156,  117, -581, 1475,-3826,29523, 8621,-4341, 3035,-2351, 1898,-1557, 1281,-1049,  848, -675,  525, -396,  288, -198,  125,  -69,   26,    5,  -25,   37,  -42,   42,  -39,   33,  -28,   20,  -16,    7,   -9,   -1,    5,    0,
    3,    5,  -11,    5,  -10,    6,   -5,   -2,   10,  -25,   44,  -69,   99, -135,  176, -222,  271, -321,  370, -415,  451, -475,  480, -461,  407, -305,  135,  144, -616, 1523,-3904,29452, 8777,-4394, 3062,-2366, 1907,-1561, 1283,-1048,  846, -672,  521, -393,  284, -195,  122,  -66,   23,    7,  -27,   38,  -43,   43,  -40,   33,  -28,   20,  -16,    7,   -9,   -1,    5,    0,
    3,    5,  -11,    5,  -10,    6,   -5,   -3,   11,  -26,   44,  -69,   99, -136,  177, -222,  271, -320,  368, -412,  447, -469,  472, -450,  393, -288,  114,  171, -651, 1572,-3981,29379, 8933,-4447, 3089,-2381, 1915,-1565, 1284,-1047,  844, -669,  518, -389,  281, -191,  119,  -63,   21,    9,  -28,   39,  -44,   43,  -40,   33,  -28,   20,  -16,    7,   -9,   -1,    5,    0,
    3,    5,  -11,    5,  -10,    6,   -5,   -3,   11,  -26,   45,  -70,  100, -136,  177, -222,  270, -319,  366, -409,  442, -463,  464, -440,  380, -271,   92,  198, -686, 1620,-4057,29306, 9089,-4499, 3116,-2396, 1923,-1569, 1285,-1046,  842, -666,  514, -386,  277, -188,  116,  -61,   19,   10,  -30,   40,  -45,   44,  -41,   34,  -28,   20,  -16,    7,   -9,   -1,    5,    0,
    3,    5,  -11,    5,  -10,    5,   -4,   -3,   12,  -27,   46,  -71,  101, -137,  177, -222,  270, -318,  364, -405,  438, -456,  456, -429,  366, -254,   71,  224, -721, 1668,-4131,29231, 9246,-4551, 3142,-2411, 1931,-1573, 1285,-1045,  839, -663,  511, -382,  274, -185,  113,  -58,   17,   12,  -31,   41,  -46,   44,  -41,   34,  -29,   20,  -16,    7,   -9,   -1,    5,    0,
    3,    5,  -11,    5,  -10,    5,   -4,   -4,   12,  -28,   46,  -71,  101, -137,  178, -222,  269, -317,  362, -402,  433, -450,  448, -418,  353, -238,   50,  251, -756, 1715,-4205,29155, 9403,-4602, 3168,-2425, 1938,-1576, 1286,-1044,  837, -659,  507, -378,  270, -181,  110,  -55,   14,   14,  -33,   43,  -47,   45,  -41,   34,  -29,   20,  -16,    7,   -9,   -2,    6,    0,
    3,    5,  -11,    5,  -10,    5,   -4,   -4,   13,  -28,   47,  -72,  102, -138,  178, -222,  269, -316,  360, -399,  429, -444,  439, -408,  339, -221,   29,  278, -790, 1762,-4278,29077, 9560,-4653, 3193,-2439, 1946,-1579, 1286,-1042,  834, -656,  504, -374,  266, -178,  107,  -53,   12,   16,  -34,   44,  -47,   45,  -42,   34,  -29,   20,  -16,    7,   -9,   -2,    6,    0,
    3,    5,  -11,    5,   -9,    5,   -4,   -5,   13,  -29,   47,  -73,  102, -138,  178, -222,  268, -314,  358, -396,  424, -437,  431, -397,  326, -204,    8,  304, -824, 1809,-4350,28999, 9718,-4704, 3218,-2452, 1953,-1582, 1287,-1040,  831, -653,  500, -370,  262, -174,  104,  -50,   10,   18,  -36,   45,  -48,   46,  -42,   34,  -29,   20,  -16,    7,   -9,   -2,    6,    0,
    3,    5,  -11,    5,   -9,    4,   -3,   -5,   14,  -29,   48,  -73,  103, -139,  178, -222,  267, -313,  356, -392,  419, -431,  423, -386,  312, -187,  -13,  331, -858, 1855,-4420,28919, 9876,-4754, 3243,-2466, 1960,-1585, 1287,-1039,  829, -649,  496, -366,  259, -171,  101,  -47,    7,   20,  -37,   46,  -49,   47,  -42,   35,  -29,   20,  -16,    7,   -9,   -2,    6,    0,
    3,    5,  -11,    5,   -9,    4,   -3,   -5,   14,  -30,   49,  -74,  103, -139,  178, -222,  267, -312,  353, -389,  414, -425,  414, -375,  299, -170,  -34,  357, -892, 1901,-4490,28838,10034,-4804, 3268,-2479, 1966,-1587, 1286,-1037,  826, -645,  492, -362,  255, -167,   98,  -44,    5,   22,  -39,   47,  -50,   47,  -43,   35,  -29,   20,  -16,    7,   -9,   -2,    6,    0,
    3,    5,  -11,    5,   -9,    4,   -3,   -6,   15,  -30,   49,  -74,  104, -139,  179, -222,  266, -310,  351, -386,  409, -418,  406, -365,  285, -153,  -55,  383, -926, 1946,-4559,28755,10192,-4853, 3291,-2491, 1972,-1590, 1286,-1035,  822, -642,  488, -358,  251, -164,   94,  -42,    3,   24,  -40,   48,  -51,   48,  -43,   35,  -29,   20,  -16,    7,   -9,   -2,    6,    0,
    3,    5,  -11,    5,   -9,    4,   -3,   -6,   15,  -31,   50,  -75,  105, -140,  179, -221,  265, -309,  349, -382,  405, -412,  397, -354,  272, -136,  -76,  409, -959, 1991,-4626,28672,10351,-4902, 3315,-2504, 1978,-1592, 1286,-1033,  819, -638,  484, -354,  247, -160,   91,  -39,    0,   25,  -42,   49,  -51,   48,  -43,   35,  -29,   20,  -16,    7,   -9,   -2,    6,    0,
    3,    5,  -11,    4,   -9,    4,   -2,   -6,   16,  -31,   50,  -75,  105, -140,  179, -221,  265, -307,  346, -379,  400, -405,  389, -343,  258, -119,  -97,  435, -992, 2035,-4693,28587,10509,-4951, 3338,-2516, 1984,-1594, 1285,-1030,  816, -634,  480, -350,  243, -156,   88,  -36,   -2,   27,  -43,   50,  -52,   49,  -44,   35,  -29,   20,  -16,    7,   -8,   -2,    6,    0,
    2,    5,  -11,    4,   -9,    3,   -2,   -7,   16,  -32,   51,  -76,  106, -140,  179, -221,  264, -306,  344, -375,  395, -398,  380, -332,  244, -102, -118,  461,-1025, 2079,-4758,28501,10668,-4999, 3361,-2527, 1990,-1595, 1284,-1028,  812, -630,  475, -346,  239, -153,   85,  -33,   -4,   29,  -45,   51,  -53,   49,  -44,   36,  -29,   20,  -16,    7,   -8,   -2,    6,    0,
    2,    5,  -11,    4,   -8,    3,   -2,   -7,   16,  -32,   51,  -77,  106, -141,  179, -221,  263, -304,  341, -371,  390, -392,  371, -321,  231,  -85, -139,  487,-1058, 2123,-4822,28414,10827,-5046, 3383,-2539, 1995,-1597, 1283,-1025,  809, -626,  471, -342,  235, -149,   81,  -30,   -7,   31,  -46,   53,  -54,   50,  -44,   36,  -29,   20,  -16,    7,   -8,   -2,    6,    0,
    2,    5,  -11,    4,   -8,    3,   -1,   -7,   17,  -33,   52,  -77,  106, -141,  179, -220,  262, -303,  339, -368,  385, -385,  363, -310,  217,  -69, -160,  513,-1090, 2166,-4885,28325,10987,-5093, 3406,-2550, 2000,-1598, 1282,-1022,  805, -622,  467, -337,  231, -145,   78,  -28,   -9,   33,  -47,   54,  -55,   50,  -45,   36,  -29,   20,  -16,    7,   -8,   -2,    6,    0,
    2,    6,  -11,    4,   -8,    3,   -1,   -8,   17,  -33,   52,  -78,  107, -141,  179, -220,  261, -301,  336, -364,  379, -378,  354, -299,  203,  -52, -180,  538,-1122, 2208,-4947,28235,11146,-5140, 3427,-2561, 2005,-1599, 1280,-1020,  801, -617,  462, -333,  227, -142,   75,  -25,  -11,   35,  -49,   55,  -55,   51,  -45,   36,  -29,   20,  -16,    7,   -8,   -2,    6,    0,
    2,    6,  -11,    4,   -8,    3,   -1,   -8,   18,  -34,   53,  -78,  107, -142,  179, -219,  260, -299,  334, -360,  374, -371,  345, -288,  190,  -35, -201,  564,-1154, 2250,-5009,28145,11306,-5186, 3448,-2571, 2009,-1600, 1279,-1017,  797, -613,  458, -329,  223, -138,   72,  -22,  -14,   37,  -50,   56,  -56,   51,  -45,   36,  -29,   20,  -16,    6,   -8,   -2,    6,    0,
    2,    6,  -11,    4,   -8,    2,   -1,   -9,   18,  -34,   53,  -79,  108, -142,  179, -219,  259, -298,  331, -356,  369, -364,  336, -277,  176,  -18, -221,  589,-1186, 2292,-5069,28053,11465,-5232, 3469,-2581, 2013,-1600, 1277,-1013,  793, -608,  453, -324,  219, -134,   68,  -19,  -16,   39,  -52,   57,  -57,   52,  -46,   36,  -29,   20,  -16,    6,   -8,   -3,    6,    0,
    2,    6,  -11,    4,   -8,    2,    0,   -9,   19,  -35,   54,  -79,  108, -142,  179, -219,  258, -296,  328, -352,  364, -358,  327, -266,  162,   -1, -242,  614,-1218, 2333,-5127,27959,11625,-5277, 3489,-2591, 2017,-1601, 1275,-1010,  789, -604,  448, -320,  214, -130,   65,  -16,  -18,   40,  -53,   58,  -58,   52,  -46,   36,  -30,   20,  -16,    6,   -8,   -3,    6,    0,
    2,    6,  -11,    4,   -8,    2,    0,   -9,   19,  -35,   54,  -80,  109, -142,  179, -218,  257, -294,  326, -349,  359, -351,  319, -255,  148,   15, -262,  639,-1249, 2374,-5185,27865,11785,-5321, 3509,-2600, 2021,-1601, 1273,-1007,  785, -599,  444, -315,  210, -126,   62,  -13,  -21,   42,  -55,   59,  -58,   53,  -46,   37,  -30,   20,  -16,    6,   -8,   -3,    6,    0,
    2,    6,  -11,    4,   -8,    2,    0,  -10,   19,  -36,   55,  -80,  109, -143,  179, -218,  256, -292,  323, -345,  353, -344,  310, -244,  135,   32, -283,  664,-1280, 2414,-5242,27769,11945,-5365, 3529,-2609, 2024,-1601, 1271,-1003,  780, -594,  439, -310,  206, -123,   58,  -11,  -23,   44,  -56,   60,  -59,   53,  -46,   37,  -30,   20,  -15,    6,   -8,   -3,    6,    0,
    2,    6,  -11,    4,   -7,    2,    1,  -10,   20,  -36,   55,  -81,  109, -143,  179, -217,  255, -290,  320, -341,  348, -337,  301, -232,  121,   49, -303,  689,-1310, 2454,-5298,27673,12105,-5408, 3548,-2618, 2027,-1600, 1268, -999,  776, -590,  434, -306,  201, -119,   55,   -8,  -25,   46,  -58,   61,  -60,   54,  -47,   37,  -30,   19,  -15,    6,   -8,   -3,    6,    1,
    2,    6,  -11,    3,   -7,    1,    1,  -10,   20,  -37,   56,  -81,  110, -143,  179, -216,  254, -288,  317, -337,  342, -330,  292, -221,  107,   66, -323,  713,-1341, 2493,-5352,27575,12266,-5451, 3567,-2626, 2030,-1600, 1266, -995,  771, -585,  429, -301,  197, -115,   51,   -5,  -28,   48,  -59,   62,  -60,   54,  -47,   37,  -30,   19,  -15,    6,   -8,   -3,    6,    1,
    2,    6,  -11,    3,   -7,    1,    1,  -11,   21,  -37,   56,  -81,  110, -143,  179, -216,  253, -286,  314, -333,  337, -323,  283, -210,   94,   82, -343,  738,-1371, 2532,-5406,27476,12426,-5494, 3585,-2634, 2032,-1599, 1263, -991,  767, -580,  424, -296,  193, -111,   48,   -2,  -30,   50,  -60,   63,  -61,   55,  -47,   37,  -30,   19,  -15,    6,   -7,   -3,    6,    1,
    2,    6,  -11,    3,   -7,    1,    1,  -11,   21,  -38,   57,  -82,  110, -143,  178, -215,  251, -284,  311, -328,  332, -315,  274, -199,   80,   99, -363,  762,-1401, 2571,-5458,27376,12586,-5535, 3603,-2642, 2035,-1598, 1260, -987,  762, -575,  419, -292,  188, -107,   45,    1,  -32,   52,  -62,   64,  -62,   55,  -48,   37,  -30,   19,  -15,    6,   -7,   -3,    6,    1,
    2,    6,  -10,    3,   -7,    1,    2,  -11,   22,  -38,   57,  -82,  111, -143,  178, -215,  250, -282,  308, -324,  326, -308,  265, -188,   66,  115, -383,  786,-1431, 2609,-5510,27275,12747,-5577, 3620,-2649, 2037,-1597, 1257, -983,  757, -569,  414, -287,  184, -103,   41,    4,  -35,   53,  -63,   65,  -63,   56,  -48,   37,  -30,   19,  -15,    6,   -7,   -3,    6,    1,
    2,    6,  -10,    3,   -7,    1,    2,  -12,   22,  -38,   58,  -83,  111, -143,  178, -214,  249, -280,  305, -320,  320, -301,  256, -177,   53,  132, -403,  810,-1460, 2646,-5560,27172,12907,-5617, 3637,-2656, 2038,-1595, 1253, -978,  752, -564,  409, -282,  179,  -99,   38,    7,  -37,   55,  -65,   66,  -63,   56,  -48,   37,  -30,   19,  -15,    6,   -7,   -3,    6,    1,
    2,    6,  -10,    3,   -7,    0,    2,  -12,   22,  -39,   58,  -83,  111, -143,  178, -213,  247, -278,  302, -316,  315, -294,  247, -165,   39,  148, -423,  834,-1489, 2683,-5610,27069,13068,-5657, 3653,-2663, 2040,-1594, 1250, -973,  747, -559,  404, -277,  175,  -95,   34,    9,  -39,   57,  -66,   67,  -64,   56,  -48,   38,  -30,   19,  -15,    6,   -7,   -3,    6,    1,
    2,    6,  -10,    3,   -6,    0,    2,  -12,   23,  -39,   59,  -83,  111, -143,  177, -212,  246, -276,  299, -312,  309, -287,  238, -154,   25,  165, -442,  857,-1518, 2719,-5658,26965,13228,-5697, 3669,-2669, 2041,-1592, 1246, -969,  741, -553,  398, -272,  170,  -91,   31,   12,  -42,   59,  -67,   68,  -65,   57,  -48,   38,  -30,   19,  -15,    6,   -7,   -3,    6,    1,
    2,    6,  -10,    3,   -6,    0,    3,  -13,   23,  -40,   59,  -84,  112, -143,  177, -212,  245, -274,  296, -307,  304, -279,  228, -143,   12,  181, -462,  881,-1547, 2755,-5705,26859,13389,-5736, 3685,-2675, 2042,-1590, 1242, -964,  736, -548,  393, -267,  166,  -87,   27,   15,  -44,   61,  -69,   69,  -65,   57,  -49,   38,  -30,   19,  -15,    5,   -7,   -4,    6,    1,
    2,    6,  -10,    3,   -6,    0,    3,  -13,   23,  -40,   59,  -84,  112, -143,  177, -211,  243, -272,  293, -303,  298, -272,  219, -132,   -2,  197, -481,  904,-1575, 2790,-5751,26752,13549,-5774, 3700,-2681, 2042,-1587, 1238, -959,  730, -542,  387, -262,  161,  -83,   24,   18,  -46,   63,  -70,   70,  -66,   58,  -49,   38,  -30,   19,  -15,    5,   -7,   -4,    6,    1,
    2,    6,  -10,    3,   -6,    0,    3,  -13,   24,  -41,   60,  -84,  112, -143,  176, -210,  242, -270,  290, -299,  292, -265,  210, -120,  -15,  213, -501,  927,-1603, 2825,-5796,26645,13709,-5811, 3715,-2686, 2043,-1585, 1234, -954,  725, -536,  382, -257,  157,  -79,   20,   21,  -49,   64,  -72,   71,  -67,   58,  -49,   38,  -30,   19,  -15,    5,   -7,   -4,    6,    1,
    2,    6,  -10,    2,   -6,   -1,    3,  -14,   24,  -41,   60,  -85,  112, -143,  176, -209,  240, -267,  286, -294,  286, -257,  201, -109,  -29,  230, -520,  950,-1631, 2860,-5840,26536,13870,-5848, 3729,-2691, 2043,-1582, 1229, -948,  719, -531,  376, -251,  152,  -75,   17,   24,  -51,   66,  -73,   72,  -67,   58,  -49,   38,  -30,   19,  -15,    5,   -7,   -4,    6,    1,
    2,    6,  -10,    2,   -6,   -1,    4,  -14,   25,  -41,   61,  -85,  112, -143,  176, -208,  239, -265,  283, -290,  280, -250,  192,  -98,  -42,  246, -539,  973,-1658, 2893,-5883,26426,14030,-5885, 3742,-2695, 2042,-1579, 1225, -943,  713, -525,  371, -246,  147,  -71,   13,   27,  -53,   68,  -74,   73,  -68,   59,  -50,   38,  -30,   19,  -14,    5,   -7,   -4,    6,    1,
    2,    6,  -10,    2,   -6,   -1,    4,  -14,   25,  -42,   61,  -85,  113, -143,  175, -207,  237, -263,  280, -285,  275, -243,  183,  -87,  -56,  262, -558,  996,-1685, 2927,-5924,26315,14190,-5920, 3755,-2699, 2042,-1576, 1220, -937,  707, -519,  365, -241,  142,  -67,   10,   30,  -56,   70,  -76,   74,  -69,   59,  -50,   38,  -30,   19,  -14,    5,   -6,   -4,    6,    1,
    2,    6,  -10,    2,   -5,   -1,    4,  -15,   25,  -42,   61,  -86,  113, -143,  175, -207,  236, -260,  277, -281,  269, -235,  173,  -76,  -69,  278, -577, 1018,-1712, 2960,-5965,26203,14351,-5955, 3768,-2703, 2041,-1572, 1215, -931,  701, -513,  359, -236,  138,  -62,    6,   33,  -58,   72,  -77,   75,  -69,   60,  -50,   38,  -30,   19,  -14,    5,   -6,   -4,    6,    1,
    2,    6,  -10,    2,   -5,   -1,    5,  -15,   26,  -43,   62,  -86,  113, -143,  174, -206,  234, -258,  273, -276,  263, -228,  164,  -64,  -83,  294, -596, 1040,-1738, 2992,-6005,26090,14511,-5990, 3780,-2707, 2040,-1569, 1210, -926,  695, -507,  354, -230,  133,  -58,    3,   36,  -60,   73,  -78,   76,  -70,   60,  -50,   38,  -30,   19,  -14,    5,   -6,   -4,    6,    1,
    2,    6,  -10,    2,   -5,   -2,    5,  -15,   26,  -43,   62,  -86,  113, -143,  174, -205,  233, -255,  270, -272,  257, -220,  155,  -53,  -96,  310, -615, 1062,-1764, 3024,-6044,25976,14671,-6024, 3792,-2710, 2038,-1565, 1205, -920,  689, -501,  348, -225,  128,  -54,   -1,   38,  -63,   75,  -80,   77,  -70,   60,  -50,   38,  -30,   19,  -14,    5,   -6,   -4,    6,    1,
    2,    6,  -10,    2,   -5,   -2,    5,  -16,   26,  -43,   62,  -86,  113, -143,  173, -204,  231, -253,  266, -267,  251, -213,  146,  -42, -110,  326, -633, 1084,-1790, 3055,-6081,25861,14831,-6057, 3803,-2712, 2037,-1561, 1199, -913,  682, -494,  342, -220,  123,  -50,   -4,   41,  -65,   77,  -81,   78,  -71,   61,  -50,   38,  -30,   19,  -14,    5,   -6,   -4,    6,    1,
    2,    6,  -10,    2,   -5,   -2,    5,  -16,   27,  -44,   63,  -87,  113, -143,  173, -203,  229, -251,  263, -263,  245, -205,  136,  -31, -123,  341, -652, 1106,-1816, 3085,-6118,25746,14990,-6089, 3814,-2715, 2035,-1556, 1194, -907,  676, -488,  336, -214,  118,  -46,   -8,   44,  -67,   79,  -82,   79,  -72,   61,  -51,   38,  -29,   18,  -14,    5,   -6,   -4,    6,    1,
    2,    6,  -10,    2,   -5,   -2,    6,  -16,   27,  -44,   63,  -87,  113, -142,  172, -201,  228, -248,  259, -258,  239, -198,  127,  -20, -136,  357, -670, 1127,-1841, 3116,-6153,25629,15150,-6121, 3824,-2716, 2032,-1552, 1188, -901,  669, -482,  330, -209,  114,  -41,  -11,   47,  -69,   81,  -83,   80,  -72,   61,  -51,   38,  -29,   18,  -14,    4,   -6,   -4,    6,    1,
    2,    6,  -10,    2,   -5,   -2,    6,  -16,   27,  -44,   63,  -87,  113, -142,  172, -200,  226, -245,  256, -253,  233, -190,  118,   -8, -150,  373, -688, 1148,-1866, 3145,-6187,25511,15309,-6152, 3834,-2718, 2030,-1547, 1182, -894,  663, -475,  324, -203,  109,  -37,  -15,   50,  -72,   82,  -85,   81,  -73,   62,  -51,   38,  -29,   18,  -14,    4,   -6,   -5,    6,    1,
    2,    6,  -10,    1,   -4,   -3,    6,  -17,   28,  -45,   64,  -87,  113, -142,  171, -199,  224, -243,  252, -249,  227, -182,  109,    3, -163,  388, -706, 1169,-1891, 3174,-6221,25392,15469,-6182, 3843,-2719, 2027,-1542, 1176, -887,  656, -469,  318, -198,  104,  -33,  -18,   53,  -74,   84,  -86,   81,  -73,   62,  -51,   38,  -29,   18,  -14,    4,   -6,   -5,    6,    1,
    2,    6,  -10,    1,   -4,   -3,    6,  -17,   28,  -45,   64,  -88,  113, -142,  170, -198,  222, -240,  249, -244,  221, -175,   99,   14, -176,  403, -724, 1190,-1915, 3203,-6253,25272,15628,-6212, 3852,-2720, 2024,-1537, 1169, -881,  649, -462,  311, -192,   99,  -29,  -22,   56,  -76,   86,  -87,   82,  -74,   62,  -51,   39,  -29,   18,  -13,    4,   -6,   -5,    6,    1,
    2,    6,   -9,    1,   -4,   -3,    7,  -17,   28,  -45,   64,  -88,  113, -141,  170, -197,  220, -238,  245, -239,  215, -167,   90,   25, -189,  419, -742, 1211,-1939, 3231,-6284,25151,15787,-6240, 3860,-2720, 2021,-1531, 1163, -874,  642, -455,  305, -186,   94,  -25,  -25,   59,  -79,   88,  -89,   83,  -75,   63,  -51,   39,  -29,   18,  -13,    4,   -6,   -5,    6,    1,
    2,    6,   -9,    1,   -4,   -3,    7,  -18,   29,  -46,   64,  -88,  113, -141,  169, -196,  219, -235,  241, -234,  209, -160,   81,   36, -202,  434, -760, 1231,-1962, 3258,-6314,25030,15946,-6269, 3868,-2721, 2017,-1525, 1156, -867,  635, -449,  299, -181,   89,  -20,  -29,   62,  -81,   89,  -90,   84,  -75,   63,  -52,   39,  -29,   18,  -13,    4,   -5,   -5,    6,    1,
    2,    6,   -9,    1,   -4,   -3,    7,  -18,   29,  -46,   65,  -88,  113, -141,  168, -195,  217, -232,  238, -229,  203, -152,   72,   47, -215,  449, -777, 1252,-1986, 3285,-6344,24907,16104,-6296, 3875,-2720, 2013,-1520, 1149, -859,  628, -442,  293, -175,   84,  -16,  -32,   64,  -83,   91,  -91,   85,  -76,   63,  -52,   39,  -29,   18,  -13,    4,   -5,   -5,    6,    1,
    2,    6,   -9,    1,   -4,   -4,    7,  -18,   29,  -46,   65,  -88,  113, -141,  168, -193,  215, -230,  234, -225,  196, -144,   62,   58, -228,  464, -795, 1272,-2009, 3312,-6372,24783,16262,-6323, 3882,-2720, 2009,-1513, 1142, -852,  621, -435,  286, -169,   79,  -12,  -36,   67,  -85,   93,  -92,   86,  -76,   64,  -52,   39,  -29,   18,  -13,    4,   -5,   -5,    6,    1,
    2,    6,   -9,    1,   -4,   -4,    7,  -18,   30,  -46,   65,  -88,  113, -140,  167, -192,  213, -227,  230, -220,  190, -137,   53,   69, -241,  479, -812, 1291,-2031, 3337,-6399,24659,16421,-6349, 3888,-2718, 2004,-1507, 1135, -845,  613, -428,  280, -163,   74,   -7,  -40,   70,  -88,   94,  -93,   87,  -77,   64,  -52,   39,  -29,   18,  -13,    4,   -5,   -5,    6,    1,
    2,    6,   -9,    1,   -3,   -4,    8,  -19,   30,  -47,   65,  -88,  113, -140,  166, -191,  211, -224,  227, -215,  184, -129,   44,   80, -254,  494, -829, 1311,-2054, 3363,-6425,24534,16578,-6374, 3894,-2717, 1999,-1501, 1128, -837,  606, -421,  273, -158,   69,   -3,  -43,   73,  -90,   96,  -95,   87,  -77,   64,  -52,   39,  -29,   17,  -13,    4,   -5,   -5,    6,    1,
    2,    6,   -9,    1,   -3,   -4,    8,  -19,   30,  -47,   66,  -89,  113, -139,  165, -189,  209, -221,  223, -210,  178, -122,   35,   91, -267,  509, -846, 1330,-2076, 3388,-6450,24408,16736,-6398, 3899,-2715, 1994,-1494, 1120, -829,  598, -414,  267, -152,   64,    1,  -47,   76,  -92,   98,  -96,   88,  -78,   64,  -52,   39,  -29,   17,  -13,    3,   -5,   -5,    6,    1,
    2,    6,   -9,    1,   -3,   -4,    8,  -19,   30,  -47,   66,  -89,  113, -139,  164, -188,  207, -218,  219, -205,  172, -114,   25,  102, -280,  524, -863, 1349,-2097, 3412,-6474,24280,16893,-6422, 3904,-2713, 1989,-1487, 1112, -821,  591, -406,  260, -146,   59,    5,  -50,   79,  -94,   99,  -97,   89,  -78,   65,  -52,   38,  -29,   17,  -13,    3,   -5,   -5,    6,    1,
    2,    6,   -9,    0,   -3,   -5,    8,  -20,   31,  -48,   66,  -89,  113, -139,  164, -187,  205, -216,  215, -200,  165, -106,   16,  113, -292,  539, -880, 1368,-2118, 3435,-6497,24152,17050,-6445, 3908,-2710, 1983,-1480, 1104, -813,  583, -399,  254, -140,   54,   10,  -54,   82,  -96,  101,  -98,   90,  -79,   65,  -52,   38,  -29,   17,  -12,    3,   -5,   -5,    6,    1,
    2,    6,   -9,    0,   -3,   -5,    9,  -20,   31,  -48,   66,  -89,  113, -138,  163, -185,  203, -213,  211, -195,  159,  -99,    7,  124, -305,  553, -896, 1387,-2139, 3458,-6518,24024,17207,-6467, 3911,-2707, 1977,-1472, 1096, -805,  575, -392,  247, -134,   49,   14,  -57,   84,  -99,  103,  -99,   90,  -79,   65,  -52,   38,  -29,   17,  -12,    3,   -5,   -5,    6,    1,
    2,    6,   -9,    0,   -3,   -5,    9,  -20,   31,  -48,   66,  -89,  112, -138,  162, -184,  201, -210,  207, -190,  153,  -91,   -2,  135, -318,  568, -913, 1405,-2160, 3481,-6539,23894,17364,-6488, 3914,-2704, 1971,-1464, 1088, -797,  567, -384,  240, -128,   43,   18,  -61,   87, -101,  104, -101,   91,  -80,   65,  -52,   38,  -28,   17,  -12,    3,   -5,   -6,    6,    1,
    2,    6,   -9,    0,   -3,   -5,    9,  -20,   32,  -48,   67,  -89,  112, -137,  161, -183,  199, -207,  204, -185,  147,  -83,  -12,  146, -330,  582, -929, 1424,-2180, 3503,-6559,23763,17520,-6509, 3917,-2700, 1964,-1457, 1080, -789,  559, -377,  234, -122,   38,   23,  -64,   90, -103,  106, -102,   92,  -80,   66,  -52,   38,  -28,   17,  -12,    3,   -4,   -6,    6,    1,
    2,    6,   -9,    0,   -2,   -5,    9,  -21,   32,  -49,   67,  -89,  112, -137,  160, -181,  196, -204,  200, -180,  140,  -76,  -21,  156, -343,  596, -945, 1442,-2200, 3524,-6578,23632,17675,-6529, 3919,-2696, 1957,-1448, 1071, -780,  551, -370,  227, -116,   33,   27,  -68,   93, -105,  107, -103,   93,  -80,   66,  -52,   38,  -28,   17,  -12,    3,   -4,   -6,    6,    1,
    2,    6,   -9,    0,   -2,   -5,   10,  -21,   32,  -49,   67,  -89,  112, -136,  159, -180,  194, -201,  196, -175,  134,  -68,  -30,  167, -355,  610, -961, 1459,-2220, 3545,-6596,23500,17831,-6548, 3920,-2692, 1950,-1440, 1063, -772,  543, -362,  220, -110,   28,   31,  -71,   96, -107,  109, -104,   93,  -81,   66,  -53,   38,  -28,   17,  -12,    3,   -4,   -6,    6,    1,
    2,    6,   -9,    0,   -2,   -6,   10,  -21,   32,  -49,   67,  -89,  112, -136,  158, -178,  192, -198,  192, -170,  128,  -60,  -39,  178, -367,  624, -977, 1477,-2239, 3565,-6613,23367,17986,-6566, 3921,-2687, 1943,-1432, 1054, -763,  535, -354,  213, -104,   23,   36,  -75,   98, -109,  111, -105,   94,  -81,   66,  -53,   38,  -28,   16,  -12,    3,   -4,   -6,    6,    1,
    2,    6,   -9,    0,   -2,   -6,   10,  -21,   33,  -49,   67,  -89,  111, -135,  157, -177,  190, -195,  188, -165,  121,  -53,  -48,  188, -380,  638, -992, 1494,-2258, 3585,-6629,23233,18141,-6583, 3922,-2682, 1935,-1423, 1045, -754,  526, -347,  206,  -98,   18,   40,  -79,  101, -112,  112, -106,   95,  -82,   66,  -53,   38,  -28,   16,  -12,    2,   -4,   -6,    6,    1,
    1,    6,   -8,    0,   -2,   -6,   10,  -22,   33,  -50,   67,  -89,  111, -135,  156, -175,  188, -192,  184, -160,  115,  -45,  -57,  199, -392,  652,-1008, 1511,-2276, 3604,-6643,23099,18295,-6599, 3922,-2676, 1927,-1414, 1036, -745,  518, -339,  199,  -92,   12,   44,  -82,  104, -114,  114, -107,   96,  -82,   67,  -53,   38,  -28,   16,  -11,    2,   -4,   -6,    6,    1,
    1,    6,   -8,   -1,   -2,   -6,   10,  -22,   33,  -50,   68,  -89,  111, -134,  155, -173,  185, -189,  180, -155,  109,  -37,  -66,  210, -404,  666,-1023, 1528,-2294, 3623,-6657,22964,18449,-6615, 3921,-2670, 1919,-1405, 1026, -736,  509, -331,  192,  -86,    7,   49,  -86,  107, -116,  115, -108,   96,  -82,   67,  -53,   38,  -28,   16,  -11,    2,   -4,   -6,    6,    1,
    1,    6,   -8,   -1,   -2,   -6,   11,  -22,   33,  -50,   68,  -89,  111, -133,  154, -172,  183, -186,  176, -149,  102,  -30,  -75,  220, -416,  679,-1038, 1544,-2312, 3641,-6670,22828,18603,-6630, 3920,-2664, 1910,-1396, 1017, -727,  501, -323,  185,  -80,    2,   53,  -89,  110, -118,  117, -109,   97,  -83,   67,  -53,   38,  -27,   16,  -11,    2,   -4,   -6,    6,    1,
    1,    6,   -8,   -1,   -2,   -7,   11,  -22,   34,  -50,   68,  -89,  110, -133,  153, -170,  181, -183,  172, -144,   96,  -22,  -84,  231, -428,  693,-1053, 1561,-2329, 3658,-6682,22691,18756,-6644, 3918,-2657, 1902,-1386, 1007, -718,  492, -315,  178,  -74,   -3,   57,  -93,  112, -120,  118, -110,   98,  -83,   67,  -53,   38,  -27,   16,  -11,    2,   -4,   -6,    6,    1,
    1,    6,   -8,   -1,   -1,   -7,   11,  -23,   34,  -50,   68,  -89,  110, -132,  152, -169,  179, -179,  168, -139,   90,  -14,  -93,  241, -440,  706,-1068, 1577,-2346, 3675,-6693,22553,18908,-6657, 3915,-2650, 1892,-1376,  997, -708,  483, -307,  171,  -68,   -8,   62,  -96,  115, -122,  120, -111,   98,  -84,   67,  -53,   38,  -27,   16,  -11,    2,   -4,   -6,    6,    1,
    1,    6,   -8,   -1,   -1,   -7,   11,  -23,   34,  -50,   68,  -89,  110, -132,  151, -167,  176, -176,  163, -134,   83,   -7, -102,  252, -452,  719,-1082, 1592,-2363, 3692,-6703,22415,19061,-6669, 3913,-2642, 1883,-1366,  987, -699,  474, -299,  164,  -62,  -14,   66, -100,  118, -124,  121, -112,   99,  -84,   67,  -53,   38,  -27,   15,  -11,    2,   -3,   -6,    6,    1,
    1,    6,   -8,   -1,   -1,   -7,   11,  -23,   34,  -51,   68,  -89,  110, -131,  150, -165,  174, -173,  159, -129,   77,    1, -111,  262, -463,  733,-1097, 1608,-2379, 3707,-6712,22276,19213,-6681, 3909,-2634, 1873,-1356,  977, -689,  465, -291,  157,  -55,  -19,   70, -103,  120, -126,  123, -113,   99,  -84,   67,  -53,   38,  -27,   15,  -11,    2,   -3,   -7,    6,    1,
    1,    6,   -8,   -1,   -1,   -7,   12,  -23,   34,  -51,   68,  -89,  109, -130,  149, -164,  172, -170,  155, -124,   71,    9, -120,  272, -475,  746,-1111, 1623,-2395, 3723,-6719,22136,19364,-6691, 3905,-2626, 1864,-1346,  967, -679,  456, -283,  150,  -49,  -24,   75, -106,  123, -128,  124, -114,  100,  -85,   68,  -53,   37,  -27,   15,  -10,    1,   -3,   -7,    6,    1,
    1,    6,   -8,   -1,   -1,   -7,   12,  -23,   35,  -51,   68,  -88,  109, -130,  148, -162,  169, -167,  151, -118,   64,   16, -129,  282, -487,  758,-1125, 1638,-2410, 3737,-6726,21996,19515,-6701, 3900,-2617, 1853,-1335,  957, -669,  447, -275,  142,  -43,  -29,   79, -110,  126, -130,  126, -115,  101,  -85,   68,  -53,   37,  -27,   15,  -10,    1,   -3,   -7,    6,    1,
    1,    6,   -8,   -1,   -1,   -8,   12,  -24,   35,  -51,   68,  -88,  108, -129,  147, -160,  167, -164,  147, -113,   58,   24, -138,  293, -498,  771,-1139, 1653,-2426, 3751,-6732,21855,19665,-6710, 3895,-2608, 1843,-1324,  946, -660,  438, -267,  135,  -37,  -35,   83, -113,  128, -132,  127, -116,  101,  -85,   68,  -53,   37,  -26,   15,  -10,    1,   -3,   -7,    6,    1,
    1,    6,   -8,   -2,   -1,   -8,   12,  -24,   35,  -51,   68,  -88,  108, -128,  145, -158,  164, -160,  143, -108,   52,   31, -147,  303, -510,  784,-1153, 1668,-2440, 3765,-6737,21713,19815,-6718, 3890,-2598, 1832,-1313,  936, -649,  429, -258,  128,  -30,  -40,   88, -117,  131, -134,  128, -117,  102,  -85,   68,  -52,   37,  -26,   15,  -10,    1,   -3,   -7,    6,    1,
    1,    6,   -8,   -2,    0,   -8,   12,  -24,   35,  -51,   68,  -88,  108, -127,  144, -157,  162, -157,  139, -103,   45,   39, -156,  313, -521,  796,-1166, 1682,-2455, 3778,-6742,21571,19964,-6725, 3883,-2588, 1821,-1302,  925, -639,  420, -250,  121,  -24,  -45,   92, -120,  134, -136,  130, -118,  102,  -86,   68,  -52,   37,  -26,   14,  -10,    1,   -3,   -7,    6,    1,
    1,    6,   -8,   -2,    0,   -8,   13,  -24,   35,  -52,   68,  -88,  107, -127,  143, -155,  159, -154,  134,  -98,   39,   46, -164,  323, -532,  809,-1179, 1696,-2469, 3790,-6745,21428,20113,-6731, 3877,-2578, 1810,-1291,  914, -629,  410, -242,  113,  -18,  -50,   96, -124,  136, -138,  131, -119,  103,  -86,   68,  -52,   37,  -26,   14,  -10,    1,   -3,   -7,    6,    1,
    1,    6,   -8,   -2,    0,   -8,   13,  -25,   36,  -52,   68,  -88,  107, -126,  142, -153,  157, -151,  130,  -92,   33,   54, -173,  333, -543,  821,-1192, 1710,-2483, 3802,-6747,21284,20262,-6736, 3869,-2568, 1798,-1279,  903, -619,  401, -233,  106,  -12,  -56,  100, -127,  139, -140,  133, -120,  103,  -86,   68,  -52,   37,  -26,   14,   -9,    1,   -3,   -7,    6,    1,
    1,    6,   -7,   -2,    0,   -8,   13,  -25,   36,  -52,   68,  -88,  106, -125,  140, -151,  154, -147,  126,  -87,   26,   61, -182,  343, -554,  833,-1205, 1723,-2496, 3813,-6748,21140,20409,-6740, 3861,-2557, 1786,-1267,  891, -608,  391, -225,   99,   -5,  -61,  105, -130,  142, -142,  134, -121,  104,  -86,   68,  -52,   37,  -26,   14,   -9,    1,   -2,   -7,    6,    1,
    1,    6,   -7,   -2,    0,   -9,   13,  -25,   36,  -52,   68,  -87,  106, -124,  139, -149,  152, -144,  122,  -82,   20,   69, -191,  353, -565,  845,-1218, 1736,-2509, 3824,-6748,20995,20557,-6744, 3853,-2545, 1774,-1255,  880, -598,  382, -216,   91,    1,  -66,  109, -134,  144, -144,  135, -122,  105,  -87,   68,  -52,   36,  -25,   14,   -9,    0,   -2,   -7,    6,    1,
    1,    6,   -7,   -2,    0,   -9,   13,  -25,   36,  -52,   68,  -87,  105, -123,  138, -148,  149, -141,  117,  -77,   14,   76, -199,  362, -576,  857,-1231, 1749,-2521, 3834,-6748,20849,20703,-6746, 3844,-2533, 1762,-1243,  868, -587,  372, -208,   84,    7,  -71,  113, -137,  147, -146,  137, -123,  105,  -87,   68,  -52,   36,  -25,   14,   -9,    0,   -2,   -7,    6,    1,
    1,    6,   -7,   -2,    0,   -9,   14,  -25,   36,  -52,   68,  -87,  105, -123,  137, -146,  147, -137,  113,  -71,    7,   84, -208,  372, -587,  868,-1243, 1762,-2533, 3844,-6746,20703,20849,-6748, 3834,-2521, 1749,-1231,  857, -576,  362, -199,   76,   14,  -77,  117, -141,  149, -148,  138, -123,  105,  -87,   68,  -52,   36,  -25,   13,   -9,    0,   -2,   -7,    6,    1,
    1,    6,   -7,   -2,    0,   -9,   14,  -25,   36,  -52,   68,  -87,  105, -122,  135, -144,  144, -134,  109,  -66,    1,   91, -216,  382, -598,  880,-1255, 1774,-2545, 3853,-6744,20557,20995,-6748, 3824,-2509, 1736,-1218,  845, -565,  353, -191,   69,   20,  -82,  122, -144,  152, -149,  139, -124,  106,  -87,   68,  -52,   36,  -25,   13,   -9,    0,   -2,   -7,    6,    1,
    1,    6,   -7,   -2,    1,   -9,   14,  -26,   37,  -52,   68,  -86,  104, -121,  134, -142,  142, -130,  105,  -61,   -5,   99, -225,  391, -608,  891,-1267, 1786,-2557, 3861,-6740,20409,21140,-6748, 3813,-2496, 1723,-1205,  833, -554,  343, -182,   61,   26,  -87,  126, -147,  154, -151,  140, -125,  106,  -88,   68,  -52,   36,  -25,   13,   -8,    0,   -2,   -7,    6,    1,
    1,    6,   -7,   -3,    1,   -9,   14,  -26,   37,  -52,   68,  -86,  103, -120,  133, -140,  139, -127,  100,  -56,  -12,  106, -233,  401, -619,  903,-1279, 1798,-2568, 3869,-6736,20262,21284,-6747, 3802,-2483, 1710,-1192,  821, -543,  333, -173,   54,   33,  -92,  130, -151,  157, -153,  142, -126,  107,  -88,   68,  -52,   36,  -25,   13,   -8,    0,   -2,   -8,    6,    1,
    1,    6,   -7,   -3,    1,  -10,   14,  -26,   37,  -52,   68,  -86,  103, -119,  131, -138,  136, -124,   96,  -50,  -18,  113, -242,  410, -629,  914,-1291, 1810,-2578, 3877,-6731,20113,21428,-6745, 3790,-2469, 1696,-1179,  809, -532,  323, -164,   46,   39,  -98,  134, -154,  159, -155,  143, -127,  107,  -88,   68,  -52,   35,  -24,   13,   -8,    0,   -2,   -8,    6,    1,
    1,    6,   -7,   -3,    1,  -10,   14,  -26,   37,  -52,   68,  -86,  102, -118,  130, -136,  134, -120,   92,  -45,  -24,  121, -250,  420, -639,  925,-1302, 1821,-2588, 3883,-6725,19964,21571,-6742, 3778,-2455, 1682,-1166,  796, -521,  313, -156,   39,   45, -103,  139, -157,  162, -157,  144, -127,  108,  -88,   68,  -51,   35,  -24,   12,   -8,    0,   -2,   -8,    6,    1,
    1,    6,   -7,   -3,    1,  -10,   15,  -26,   37,  -52,   68,  -85,  102, -117,  128, -134,  131, -117,   88,  -40,  -30,  128, -258,  429, -649,  936,-1313, 1832,-2598, 3890,-6718,19815,21713,-6737, 3765,-2440, 1668,-1153,  784, -510,  303, -147,   31,   52, -108,  143, -160,  164, -158,  145, -128,  108,  -88,   68,  -51,   35,  -24,   12,   -8,   -1,   -2,   -8,    6,    1,
    1,    6,   -7,   -3,    1,  -10,   15,  -26,   37,  -53,   68,  -85,  101, -116,  127, -132,  128, -113,   83,  -35,  -37,  135, -267,  438, -660,  946,-1324, 1843,-2608, 3895,-6710,19665,21855,-6732, 3751,-2426, 1653,-1139,  771, -498,  293, -138,   24,   58, -113,  147, -164,  167, -160,  147, -129,  108,  -88,   68,  -51,   35,  -24,   12,   -8,   -1,   -1,   -8,    6,    1,
    1,    6,   -7,   -3,    1,  -10,   15,  -27,   37,  -53,   68,  -85,  101, -115,  126, -130,  126, -110,   79,  -29,  -43,  142, -275,  447, -669,  957,-1335, 1853,-2617, 3900,-6701,19515,21996,-6726, 3737,-2410, 1638,-1125,  758, -487,  282, -129,   16,   64, -118,  151, -167,  169, -162,  148, -130,  109,  -88,   68,  -51,   35,  -23,   12,   -7,   -1,   -1,   -8,    6,    1,
    1,    6,   -7,   -3,    1,  -10,   15,  -27,   37,  -53,   68,  -85,  100, -114,  124, -128,  123, -106,   75,  -24,  -49,  150, -283,  456, -679,  967,-1346, 1864,-2626, 3905,-6691,19364,22136,-6719, 3723,-2395, 1623,-1111,  746, -475,  272, -120,    9,   71, -124,  155, -170,  172, -164,  149, -130,  109,  -89,   68,  -51,   34,  -23,   12,   -7,   -1,   -1,   -8,    6,    1,
    1,    6,   -7,   -3,    2,  -11,   15,  -27,   38,  -53,   67,  -84,   99, -113,  123, -126,  120, -103,   70,  -19,  -55,  157, -291,  465, -689,  977,-1356, 1873,-2634, 3909,-6681,19213,22276,-6712, 3707,-2379, 1608,-1097,  733, -463,  262, -111,    1,   77, -129,  159, -173,  174, -165,  150, -131,  110,  -89,   68,  -51,   34,  -23,   11,   -7,   -1,   -1,   -8,    6,    1,
    1,    6,   -6,   -3,    2,  -11,   15,  -27,   38,  -53,   67,  -84,   99, -112,  121, -124,  118, -100,   66,  -14,  -62,  164, -299,  474, -699,  987,-1366, 1883,-2642, 3913,-6669,19061,22415,-6703, 3692,-2363, 1592,-1082,  719, -452,  252, -102,   -7,   83, -134,  163, -176,  176, -167,  151, -132,  110,  -89,   68,  -50,   34,  -23,   11,   -7,   -1,   -1,   -8,    6,    1,
    1,    6,   -6,   -4,    2,  -11,   16,  -27,   38,  -53,   67,  -84,   98, -111,  120, -122,  115,  -96,   62,   -8,  -68,  171, -307,  483, -708,  997,-1376, 1892,-2650, 3915,-6657,18908,22553,-6693, 3675,-2346, 1577,-1068,  706, -440,  241,  -93,  -14,   90, -139,  168, -179,  179, -169,  152, -132,  110,  -89,   68,  -50,   34,  -23,   11,   -7,   -1,   -1,   -8,    6,    1,
    1,    6,   -6,   -4,    2,  -11,   16,  -27,   38,  -53,   67,  -83,   98, -110,  118, -120,  112,  -93,   57,   -3,  -74,  178, -315,  492, -718, 1007,-1386, 1902,-2657, 3918,-6644,18756,22691,-6682, 3658,-2329, 1561,-1053,  693, -428,  231,  -84,  -22,   96, -144,  172, -183,  181, -170,  153, -133,  110,  -89,   68,  -50,   34,  -22,   11,   -7,   -2,   -1,   -8,    6,    1,
    1,    6,   -6,   -4,    2,  -11,   16,  -27,   38,  -53,   67,  -83,   97, -109,  117, -118,  110,  -89,   53,    2,  -80,  185, -323,  501, -727, 1017,-1396, 1910,-2664, 3920,-6630,18603,22828,-6670, 3641,-2312, 1544,-1038,  679, -416,  220,  -75,  -30,  102, -149,  176, -186,  183, -172,  154, -133,  111,  -89,   68,  -50,   33,  -22,   11,   -6,   -2,   -1,   -8,    6,    1,
    1,    6,   -6,   -4,    2,  -11,   16,  -28,   38,  -53,   67,  -82,   96, -108,  115, -116,  107,  -86,   49,    7,  -86,  192, -331,  509, -736, 1026,-1405, 1919,-2670, 3921,-6615,18449,22964,-6657, 3623,-2294, 1528,-1023,  666, -404,  210,  -66,  -37,  109, -155,  180, -189,  185, -173,  155, -134,  111,  -89,   68,  -50,   33,  -22,   10,   -6,   -2,   -1,   -8,    6,    1,
    1,    6,   -6,   -4,    2,  -11,   16,  -28,   38,  -53,   67,  -82,   96, -107,  114, -114,  104,  -82,   44,   12,  -92,  199, -339,  518, -745, 1036,-1414, 1927,-2676, 3922,-6599,18295,23099,-6643, 3604,-2276, 1511,-1008,  652, -392,  199,  -57,  -45,  115, -160,  184, -192,  188, -175,  156, -135,  111,  -89,   67,  -50,   33,  -22,   10,   -6,   -2,    0,   -8,    6,    1,
    1,    6,   -6,   -4,    2,  -12,   16,  -28,   38,  -53,   66,  -82,   95, -106,  112, -112,  101,  -79,   40,   18,  -98,  206, -347,  526, -754, 1045,-1423, 1935,-2682, 3922,-6583,18141,23233,-6629, 3585,-2258, 1494, -992,  638, -380,  188,  -48,  -53,  121, -165,  188, -195,  190, -177,  157, -135,  111,  -89,   67,  -49,   33,  -21,   10,   -6,   -2,    0,   -9,    6,    2,
    1,    6,   -6,   -4,    3,  -12,   16,  -28,   38,  -53,   66,  -81,   94, -105,  111, -109,   98,  -75,   36,   23, -104,  213, -354,  535, -763, 1054,-1432, 1943,-2687, 3921,-6566,17986,23367,-6613, 3565,-2239, 1477, -977,  624, -367,  178,  -39,  -60,  128, -170,  192, -198,  192, -178,  158, -136,  112,  -89,   67,  -49,   32,  -21,   10,   -6,   -2,    0,   -9,    6,    2,
    1,    6,   -6,   -4,    3,  -12,   17,  -28,   38,  -53,   66,  -81,   93, -104,  109, -107,   96,  -71,   31,   28, -110,  220, -362,  543, -772, 1063,-1440, 1950,-2692, 3920,-6548,17831,23500,-6596, 3545,-2220, 1459, -961,  610, -355,  167,  -30,  -68,  134, -175,  196, -201,  194, -180,  159, -136,  112,  -89,   67,  -49,   32,  -21,   10,   -5,   -2,    0,   -9,    6,    2,
    1,    6,   -6,   -4,    3,  -12,   17,  -28,   38,  -52,   66,  -80,   93, -103,  107, -105,   93,  -68,   27,   33, -116,  227, -370,  551, -780, 1071,-1448, 1957,-2696, 3919,-6529,17675,23632,-6578, 3524,-2200, 1442, -945,  596, -343,  156,  -21,  -76,  140, -180,  200, -204,  196, -181,  160, -137,  112,  -89,   67,  -49,   32,  -21,    9,   -5,   -2,    0,   -9,    6,    2,
    1,    6,   -6,   -4,    3,  -12,   17,  -28,   38,  -52,   66,  -80,   92, -102,  106, -103,   90,  -64,   23,   38, -122,  234, -377,  559, -789, 1080,-1457, 1964,-2700, 3917,-6509,17520,23763,-6559, 3503,-2180, 1424, -929,  582, -330,  146,  -12,  -83,  147, -185,  204, -207,  199, -183,  161, -137,  112,  -89,   67,  -48,   32,  -20,    9,   -5,   -3,    0,   -9,    6,    2,
    1,    6,   -6,   -5,    3,  -12,   17,  -28,   38,  -52,   65,  -80,   91, -101,  104, -101,   87,  -61,   18,   43, -128,  240, -384,  567, -797, 1088,-1464, 1971,-2704, 3914,-6488,17364,23894,-6539, 3481,-2160, 1405, -913,  568, -318,  135,   -2,  -91,  153, -190,  207, -210,  201, -184,  162, -138,  112,  -89,   66,  -48,   31,  -20,    9,   -5,   -3,    0,   -9,    6,    2,
    1,    6,   -5,   -5,    3,  -12,   17,  -29,   38,  -52,   65,  -79,   90,  -99,  103,  -99,   84,  -57,   14,   49, -134,  247, -392,  575, -805, 1096,-1472, 1977,-2707, 3911,-6467,17207,24024,-6518, 3458,-2139, 1387, -896,  553, -305,  124,    7,  -99,  159, -195,  211, -213,  203, -185,  163, -138,  113,  -89,   66,  -48,   31,  -20,    9,   -5,   -3,    0,   -9,    6,    2,
    1,    6,   -5,   -5,    3,  -12,   17,  -29,   38,  -52,   65,  -79,   90,  -98,  101,  -96,   82,  -54,   10,   54, -140,  254, -399,  583, -813, 1104,-1480, 1983,-2710, 3908,-6445,17050,24152,-6497, 3435,-2118, 1368, -880,  539, -292,  113,   16, -106,  165, -200,  215, -216,  205, -187,  164, -139,  113,  -89,   66,  -48,   31,  -20,    8,   -5,   -3,    0,   -9,    6,    2,
    1,    6,   -5,   -5,    3,  -13,   17,  -29,   38,  -52,   65,  -78,   89,  -97,   99,  -94,   79,  -50,    5,   59, -146,  260, -406,  591, -821, 1112,-1487, 1989,-2713, 3904,-6422,16893,24280,-6474, 3412,-2097, 1349, -863,  524, -280,  102,   25, -114,  172, -205,  219, -218,  207, -188,  164, -139,  113,  -89,   66,  -47,   30,  -19,    8,   -4,   -3,    1,   -9,    6,    2,
    1,    6,   -5,   -5,    3,  -13,   17,  -29,   39,  -52,   64,  -78,   88,  -96,   98,  -92,   76,  -47,    1,   64, -152,  267, -414,  598, -829, 1120,-1494, 1994,-2715, 3899,-6398,16736,24408,-6450, 3388,-2076, 1330, -846,  509, -267,   91,   35, -122,  178, -210,  223, -221,  209, -189,  165, -139,  113,  -89,   66,  -47,   30,  -19,    8,   -4,   -3,    1,   -9,    6,    2,
    1,    6,   -5,   -5,    4,  -13,   17,  -29,   39,  -52,   64,  -77,   87,  -95,   96,  -90,   73,  -43,   -3,   69, -158,  273, -421,  606, -837, 1128,-1501, 1999,-2717, 3894,-6374,16578,24534,-6425, 3363,-2054, 1311, -829,  494, -254,   80,   44, -129,  184, -215,  227, -224,  211, -191,  166, -140,  113,  -88,   65,  -47,   30,  -19,    8,   -4,   -3,    1,   -9,    6,    2,
    1,    6,   -5,   -5,    4,  -13,   18,  -29,   39,  -52,   64,  -77,   87,  -93,   94,  -88,   70,  -40,   -7,   74, -163,  280, -428,  613, -845, 1135,-1507, 2004,-2718, 3888,-6349,16421,24659,-6399, 3337,-2031, 1291, -812,  479, -241,   69,   53, -137,  190, -220,  230, -227,  213, -192,  167, -140,  113,  -88,   65,  -46,   30,  -18,    7,   -4,   -4,    1,   -9,    6,    2,
    1,    6,   -5,   -5,    4,  -13,   18,  -29,   39,  -52,   64,  -76,   86,  -92,   93,  -85,   67,  -36,  -12,   79, -169,  286, -435,  621, -852, 1142,-1513, 2009,-2720, 3882,-6323,16262,24783,-6372, 3312,-2009, 1272, -795,  464, -228,   58,   62, -144,  196, -225,  234, -230,  215, -193,  168, -141,  113,  -88,   65,  -46,   29,  -18,    7,   -4,   -4,    1,   -9,    6,    2,
    1,    6,   -5,   -5,    4,  -13,   18,  -29,   39,  -52,   63,  -76,   85,  -91,   91,  -83,   64,  -32,  -16,   84, -175,  293, -442,  628, -859, 1149,-1520, 2013,-2720, 3875,-6296,16104,24907,-6344, 3285,-1986, 1252, -777,  449, -215,   47,   72, -152,  203, -229,  238, -232,  217, -195,  168, -141,  113,  -88,   65,  -46,   29,  -18,    7,   -3,   -4,    1,   -9,    6,    2,
    1,    6,   -5,   -5,    4,  -13,   18,  -29,   39,  -52,   63,  -75,   84,  -90,   89,  -81,   62,  -29,  -20,   89, -181,  299, -449,  635, -867, 1156,-1525, 2017,-2721, 3868,-6269,15946,25030,-6314, 3258,-1962, 1231, -760,  434, -202,   36,   81, -160,  209, -234,  241, -235,  219, -196,  169, -141,  113,  -88,   64,  -46,   29,  -18,    7,   -3,   -4,    1,   -9,    6,    2,
    1,    6,   -5,   -6,    4,  -13,   18,  -29,   39,  -51,   63,  -75,   83,  -89,   88,  -79,   59,  -25,  -25,   94, -186,  305, -455,  642, -874, 1163,-1531, 2021,-2720, 3860,-6240,15787,25151,-6284, 3231,-1939, 1211, -742,  419, -189,   25,   90, -167,  215, -239,  245, -238,  220, -197,  170, -141,  113,  -88,   64,  -45,   28,  -17,    7,   -3,   -4,    1,   -9,    6,    2,
    1,    6,   -5,   -6,    4,  -13,   18,  -29,   39,  -51,   62,  -74,   82,  -87,   86,  -76,   56,  -22,  -29,   99, -192,  311, -462,  649, -881, 1169,-1537, 2024,-2720, 3852,-6212,15628,25272,-6253, 3203,-1915, 1190, -724,  403, -176,   14,   99, -175,  221, -244,  249, -240,  222, -198,  170, -142,  113,  -88,   64,  -45,   28,  -17,    6,   -3,   -4,    1,  -10,    6,    2,
    1,    6,   -5,   -6,    4,  -14,   18,  -29,   38,  -51,   62,  -73,   81,  -86,   84,  -74,   53,  -18,  -33,  104, -198,  318, -469,  656, -887, 1176,-1542, 2027,-2719, 3843,-6182,15469,25392,-6221, 3174,-1891, 1169, -706,  388, -163,    3,  109, -182,  227, -249,  252, -243,  224, -199,  171, -142,  113,  -87,   64,  -45,   28,  -17,    6,   -3,   -4,    1,  -10,    6,    2,
    1,    6,   -5,   -6,    4,  -14,   18,  -29,   38,  -51,   62,  -73,   81,  -85,   82,  -72,   50,  -15,  -37,  109, -203,  324, -475,  663, -894, 1182,-1547, 2030,-2718, 3834,-6152,15309,25511,-6187, 3145,-1866, 1148, -688,  373, -150,   -8,  118, -190,  233, -253,  256, -245,  226, -200,  172, -142,  113,  -87,   63,  -44,   27,  -16,    6,   -2,   -5,    2,  -10,    6,    2,
    1,    6,   -4,   -6,    4,  -14,   18,  -29,   38,  -51,   61,  -72,   80,  -83,   81,  -69,   47,  -11,  -41,  114, -209,  330, -482,  669, -901, 1188,-1552, 2032,-2716, 3824,-6121,15150,25629,-6153, 3116,-1841, 1127, -670,  357, -136,  -20,  127, -198,  239, -258,  259, -248,  228, -201,  172, -142,  113,  -87,   63,  -44,   27,  -16,    6,   -2,   -5,    2,  -10,    6,    2,
    1,    6,   -4,   -6,    5,  -14,   18,  -29,   38,  -51,   61,  -72,   79,  -82,   79,  -67,   44,   -8,  -46,  118, -214,  336, -488,  676, -907, 1194,-1556, 2035,-2715, 3814,-6089,14990,25746,-6118, 3085,-1816, 1106, -652,  341, -123,  -31,  136, -205,  245, -263,  263, -251,  229, -203,  173, -143,  113,  -87,   63,  -44,   27,  -16,    5,   -2,   -5,    2,  -10,    6,    2,
    1,    6,   -4,   -6,    5,  -14,   19,  -30,   38,  -50,   61,  -71,   78,  -81,   77,  -65,   41,   -4,  -50,  123, -220,  342, -494,  682, -913, 1199,-1561, 2037,-2712, 3803,-6057,14831,25861,-6081, 3055,-1790, 1084, -633,  326, -110,  -42,  146, -213,  251, -267,  266, -253,  231, -204,  173, -143,  113,  -86,   62,  -43,   26,  -16,    5,   -2,   -5,    2,  -10,    6,    2,
    1,    6,   -4,   -6,    5,  -14,   19,  -30,   38,  -50,   60,  -70,   77,  -80,   75,  -63,   38,   -1,  -54,  128, -225,  348, -501,  689, -920, 1205,-1565, 2038,-2710, 3792,-6024,14671,25976,-6044, 3024,-1764, 1062, -615,  310,  -96,  -53,  155, -220,  257, -272,  270, -255,  233, -205,  174, -143,  113,  -86,   62,  -43,   26,  -15,    5,   -2,   -5,    2,  -10,    6,    2,
    1,    6,   -4,   -6,    5,  -14,   19,  -30,   38,  -50,   60,  -70,   76,  -78,   73,  -60,   36,    3,  -58,  133, -230,  354, -507,  695, -926, 1210,-1569, 2040,-2707, 3780,-5990,14511,26090,-6005, 2992,-1738, 1040, -596,  294,  -83,  -64,  164, -228,  263, -276,  273, -258,  234, -206,  174, -143,  113,  -86,   62,  -43,   26,  -15,    5,   -1,   -5,    2,  -10,    6,    2,
    1,    6,   -4,   -6,    5,  -14,   19,  -30,   38,  -50,   60,  -69,   75,  -77,   72,  -58,   33,    6,  -62,  138, -236,  359, -513,  701, -931, 1215,-1572, 2041,-2703, 3768,-5955,14351,26203,-5965, 2960,-1712, 1018, -577,  278,  -69,  -76,  173, -235,  269, -281,  277, -260,  236, -207,  175, -143,  113,  -86,   61,  -42,   25,  -15,    4,   -1,   -5,    2,  -10,    6,    2,
    1,    6,   -4,   -6,    5,  -14,   19,  -30,   38,  -50,   59,  -69,   74,  -76,   70,  -56,   30,   10,  -67,  142, -241,  365, -519,  707, -937, 1220,-1576, 2042,-2699, 3755,-5920,14190,26315,-5924, 2927,-1685,  996, -558,  262,  -56,  -87,  183, -243,  275, -285,  280, -263,  237, -207,  175, -143,  113,  -85,   61,  -42,   25,  -14,    4,   -1,   -6,    2,  -10,    6,    2,
    1,    6,   -4,   -7,    5,  -14,   19,  -30,   38,  -50,   59,  -68,   73,  -74,   68,  -53,   27,   13,  -71,  147, -246,  371, -525,  713, -943, 1225,-1579, 2042,-2695, 3742,-5885,14030,26426,-5883, 2893,-1658,  973, -539,  246,  -42,  -98,  192, -250,  280, -290,  283, -265,  239, -208,  176, -143,  112,  -85,   61,  -41,   25,  -14,    4,   -1,   -6,    2,  -10,    6,    2,
    1,    6,   -4,   -7,    5,  -15,   19,  -30,   38,  -49,   58,  -67,   72,  -73,   66,  -51,   24,   17,  -75,  152, -251,  376, -531,  719, -948, 1229,-1582, 2043,-2691, 3729,-5848,13870,26536,-5840, 2860,-1631,  950, -520,  230,  -29, -109,  201, -257,  286, -294,  286, -267,  240, -209,  176, -143,  112,  -85,   60,  -41,   24,  -14,    3,   -1,   -6,    2,  -10,    6,    2,
    1,    6,   -4,   -7,    5,  -15,   19,  -30,   38,  -49,   58,  -67,   71,  -72,   64,  -49,   21,   20,  -79,  157, -257,  382, -536,  725, -954, 1234,-1585, 2043,-2686, 3715,-5811,13709,26645,-5796, 2825,-1603,  927, -501,  213,  -15, -120,  210, -265,  292, -299,  290, -270,  242, -210,  176, -143,  112,  -84,   60,  -41,   24,  -13,    3,    0,   -6,    3,  -10,    6,    2,
    1,    6,   -4,   -7,    5,  -15,   19,  -30,   38,  -49,   58,  -66,   70,  -70,   63,  -46,   18,   24,  -83,  161, -262,  387, -542,  730, -959, 1238,-1587, 2042,-2681, 3700,-5774,13549,26752,-5751, 2790,-1575,  904, -481,  197,   -2, -132,  219, -272,  298, -303,  293, -272,  243, -211,  177, -143,  112,  -84,   59,  -40,   23,  -13,    3,    0,   -6,    3,  -10,    6,    2,
    1,    6,   -4,   -7,    5,  -15,   19,  -30,   38,  -49,   57,  -65,   69,  -69,   61,  -44,   15,   27,  -87,  166, -267,  393, -548,  736, -964, 1242,-1590, 2042,-2675, 3685,-5736,13389,26859,-5705, 2755,-1547,  881, -462,  181,   12, -143,  228, -279,  304, -307,  296, -274,  245, -212,  177, -143,  112,  -84,   59,  -40,   23,  -13,    3,    0,   -6,    3,  -10,    6,    2,
    1,    6,   -3,   -7,    6,  -15,   19,  -30,   38,  -48,   57,  -65,   68,  -67,   59,  -42,   12,   31,  -91,  170, -272,  398, -553,  741, -969, 1246,-1592, 2041,-2669, 3669,-5697,13228,26965,-5658, 2719,-1518,  857, -442,  165,   25, -154,  238, -287,  309, -312,  299, -276,  246, -212,  177, -143,  111,  -83,   59,  -39,   23,  -12,    2,    0,   -6,    3,  -10,    6,    2,
    1,    6,   -3,   -7,    6,  -15,   19,  -30,   38,  -48,   56,  -64,   67,  -66,   57,  -39,    9,   34,  -95,  175, -277,  404, -559,  747, -973, 1250,-1594, 2040,-2663, 3653,-5657,13068,27069,-5610, 2683,-1489,  834, -423,  148,   39, -165,  247, -294,  315, -316,  302, -278,  247, -213,  178, -143,  111,  -83,   58,  -39,   22,  -12,    2,    0,   -7,    3,  -10,    6,    2,
    1,    6,   -3,   -7,    6,  -15,   19,  -30,   37,  -48,   56,  -63,   66,  -65,   55,  -37,    7,   38,  -99,  179, -282,  409, -564,  752, -978, 1253,-1595, 2038,-2656, 3637,-5617,12907,27172,-5560, 2646,-1460,  810, -403,  132,   53, -177,  256, -301,  320, -320,  305, -280,  249, -214,  178, -143,  111,  -83,   58,  -38,   22,  -12,    2,    1,   -7,    3,  -10,    6,    2,
    1,    6,   -3,   -7,    6,  -15,   19,  -30,   37,  -48,   56,  -63,   65,  -63,   53,  -35,    4,   41, -103,  184, -287,  414, -569,  757, -983, 1257,-1597, 2037,-2649, 3620,-5577,12747,27275,-5510, 2609,-1431,  786, -383,  115,   66, -188,  265, -308,  326, -324,  308, -282,  250, -215,  178, -143,  111,  -82,   57,  -38,   22,  -11,    2,    1,   -7,    3,  -10,    6,    2,
    1,    6,   -3,   -7,    6,  -15,   19,  -30,   37,  -48,   55,  -62,   64,  -62,   52,  -32,    1,   45, -107,  188, -292,  419, -575,  762, -987, 1260,-1598, 2035,-2642, 3603,-5535,12586,27376,-5458, 2571,-1401,  762, -363,   99,   80, -199,  274, -315,  332, -328,  311, -284,  251, -215,  178, -143,  110,  -82,   57,  -38,   21,  -11,    1,    1,   -7,    3,  -11,    6,    2,
    1,    6,   -3,   -7,    6,  -15,   19,  -30,   37,  -47,   55,  -61,   63,  -60,   50,  -30,   -2,   48, -111,  193, -296,  424, -580,  767, -991, 1263,-1599, 2032,-2634, 3585,-5494,12426,27476,-5406, 2532,-1371,  738, -343,   82,   94, -210,  283, -323,  337, -333,  314, -286,  253, -216,  179, -143,  110,  -81,   56,  -37,   21,  -11,    1,    1,   -7,    3,  -11,    6,    2,
    1,    6,   -3,   -8,    6,  -15,   19,  -30,   37,  -47,   54,  -60,   62,  -59,   48,  -28,   -5,   51, -115,  197, -301,  429, -585,  771, -995, 1266,-1600, 2030,-2626, 3567,-5451,12266,27575,-5352, 2493,-1341,  713, -323,   66,  107, -221,  292, -330,  342, -337,  317, -288,  254, -216,  179, -143,  110,  -81,   56,  -37,   20,  -10,    1,    1,   -7,    3,  -11,    6,    2,
    1,    6,   -3,   -8,    6,  -15,   19,  -30,   37,  -47,   54,  -60,   61,  -58,   46,  -25,   -8,   55, -119,  201, -306,  434, -590,  776, -999, 1268,-1600, 2027,-2618, 3548,-5408,12105,27673,-5298, 2454,-1310,  689, -303,   49,  121, -232,  301, -337,  348, -341,  320, -290,  255, -217,  179, -143,  109,  -81,   55,  -36,   20,  -10,    1,    2,   -7,    4,  -11,    6,    2,
    0,    6,   -3,   -8,    6,  -15,   20,  -30,   37,  -46,   53,  -59,   60,  -56,   44,  -23,  -11,   58, -123,  206, -310,  439, -594,  780,-1003, 1271,-1601, 2024,-2609, 3529,-5365,11945,27769,-5242, 2414,-1280,  664, -283,   32,  135, -244,  310, -344,  353, -345,  323, -292,  256, -218,  179, -143,  109,  -80,   55,  -36,   19,  -10,    0,    2,   -8,    4,  -11,    6,    2,
    0,    6,   -3,   -8,    6,  -16,   20,  -30,   37,  -46,   53,  -58,   59,  -55,   42,  -21,  -13,   62, -126,  210, -315,  444, -599,  785,-1007, 1273,-1601, 2021,-2600, 3509,-5321,11785,27865,-5185, 2374,-1249,  639, -262,   15,  148, -255,  319, -351,  359, -349,  326, -294,  257, -218,  179, -142,  109,  -80,   54,  -35,   19,   -9,    0,    2,   -8,    4,  -11,    6,    2,
    0,    6,   -3,   -8,    6,  -16,   20,  -30,   36,  -46,   52,  -58,   58,  -53,   40,  -18,  -16,   65, -130,  214, -320,  448, -604,  789,-1010, 1275,-1601, 2017,-2591, 3489,-5277,11625,27959,-5127, 2333,-1218,  614, -242,   -1,  162, -266,  327, -358,  364, -352,  328, -296,  258, -219,  179, -142,  108,  -79,   54,  -35,   19,   -9,    0,    2,   -8,    4,  -11,    6,    2,
    0,    6,   -3,   -8,    6,  -16,   20,  -29,   36,  -46,   52,  -57,   57,  -52,   39,  -16,  -19,   68, -134,  219, -324,  453, -608,  793,-1013, 1277,-1600, 2013,-2581, 3469,-5232,11465,28053,-5069, 2292,-1186,  589, -221,  -18,  176, -277,  336, -364,  369, -356,  331, -298,  259, -219,  179, -142,  108,  -79,   53,  -34,   18,   -9,   -1,    2,   -8,    4,  -11,    6,    2,
    0,    6,   -2,   -8,    6,  -16,   20,  -29,   36,  -45,   51,  -56,   56,  -50,   37,  -14,  -22,   72, -138,  223, -329,  458, -613,  797,-1017, 1279,-1600, 2009,-2571, 3448,-5186,11306,28145,-5009, 2250,-1154,  564, -201,  -35,  190, -288,  345, -371,  374, -360,  334, -299,  260, -219,  179, -142,  107,  -78,   53,  -34,   18,   -8,   -1,    3,   -8,    4,  -11,    6,    2,
    0,    6,   -2,   -8,    7,  -16,   20,  -29,   36,  -45,   51,  -55,   55,  -49,   35,  -11,  -25,   75, -142,  227, -333,  462, -617,  801,-1020, 1280,-1599, 2005,-2561, 3427,-5140,11146,28235,-4947, 2208,-1122,  538, -180,  -52,  203, -299,  354, -378,  379, -364,  336, -301,  261, -220,  179, -141,  107,  -78,   52,  -33,   17,   -8,   -1,    3,   -8,    4,  -11,    6,    2,
    0,    6,   -2,   -8,    7,  -16,   20,  -29,   36,  -45,   50,  -55,   54,  -47,   33,   -9,  -28,   78, -145,  231, -337,  467, -622,  805,-1022, 1282,-1598, 2000,-2550, 3406,-5093,10987,28325,-4885, 2166,-1090,  513, -160,  -69,  217, -310,  363, -385,  385, -368,  339, -303,  262, -220,  179, -141,  106,  -77,   52,  -33,   17,   -7,   -1,    3,   -8,    4,  -11,    5,    2,
    0,    6,   -2,   -8,    7,  -16,   20,  -29,   36,  -44,   50,  -54,   53,  -46,   31,   -7,  -30,   81, -149,  235, -342,  471, -626,  809,-1025, 1283,-1597, 1995,-2539, 3383,-5046,10827,28414,-4822, 2123,-1058,  487, -139,  -85,  231, -321,  371, -392,  390, -371,  341, -304,  263, -221,  179, -141,  106,  -77,   51,  -32,   16,   -7,   -2,    3,   -8,    4,  -11,    5,    2,
    0,    6,   -2,   -8,    7,  -16,   20,  -29,   36,  -44,   49,  -53,   51,  -45,   29,   -4,  -33,   85, -153,  239, -346,  475, -630,  812,-1028, 1284,-1595, 1990,-2527, 3361,-4999,10668,28501,-4758, 2079,-1025,  461, -118, -102,  244, -332,  380, -398,  395, -375,  344, -306,  264, -221,  179, -140,  106,  -76,   51,  -32,   16,   -7,   -2,    3,   -9,    4,  -11,    5,    2,
    0,    6,   -2,   -8,    7,  -16,   20,  -29,   35,  -44,   49,  -52,   50,  -43,   27,   -2,  -36,   88, -156,  243, -350,  480, -634,  816,-1030, 1285,-1594, 1984,-2516, 3338,-4951,10509,28587,-4693, 2035, -992,  435,  -97, -119,  258, -343,  389, -405,  400, -379,  346, -307,  265, -221,  179, -140,  105,  -75,   50,  -31,   16,   -6,   -2,    4,   -9,    4,  -11,    5,    3,
    0,    6,   -2,   -9,    7,  -16,   20,  -29,   35,  -43,   48,  -51,   49,  -42,   25,    0,  -39,   91, -160,  247, -354,  484, -638,  819,-1033, 1286,-1592, 1978,-2504, 3315,-4902,10351,28672,-4626, 1991, -959,  409,  -76, -136,  272, -354,  397, -412,  405, -382,  349, -309,  265, -221,  179, -140,  105,  -75,   50,  -31,   15,   -6,   -3,    4,   -9,    5,  -11,    5,    3,
    0,    6,   -2,   -9,    7,  -16,   20,  -29,   35,  -43,   48,  -51,   48,  -40,   24,    3,  -42,   94, -164,  251, -358,  488, -642,  822,-1035, 1286,-1590, 1972,-2491, 3291,-4853,10192,28755,-4559, 1946, -926,  383,  -55, -153,  285, -365,  406, -418,  409, -386,  351, -310,  266, -222,  179, -139,  104,  -74,   49,  -30,   15,   -6,   -3,    4,   -9,    5,  -11,    5,    3,
    0,    6,   -2,   -9,    7,  -16,   20,  -29,   35,  -43,   47,  -50,   47,  -39,   22,    5,  -44,   98, -167,  255, -362,  492, -645,  826,-1037, 1286,-1587, 1966,-2479, 3268,-4804,10034,28838,-4490, 1901, -892,  357,  -34, -170,  299, -375,  414, -425,  414, -389,  353, -312,  267, -222,  178, -139,  103,  -74,   49,  -30,   14,   -5,   -3,    4,   -9,    5,  -11,    5,    3,
    0,    6,   -2,   -9,    7,  -16,   20,  -29,   35,  -42,   47,  -49,   46,  -37,   20,    7,  -47,  101, -171,  259, -366,  496, -649,  829,-1039, 1287,-1585, 1960,-2466, 3243,-4754, 9876,28919,-4420, 1855, -858,  331,  -13, -187,  312, -386,  423, -431,  419, -392,  356, -313,  267, -222,  178, -139,  103,  -73,   48,  -29,   14,   -5,   -3,    4,   -9,    5,  -11,    5,    3,
    0,    6,   -2,   -9,    7,  -16,   20,  -29,   34,  -42,   46,  -48,   45,  -36,   18,   10,  -50,  104, -174,  262, -370,  500, -653,  831,-1040, 1287,-1582, 1953,-2452, 3218,-4704, 9718,28999,-4350, 1809, -824,  304,    8, -204,  326, -397,  431, -437,  424, -396,  358, -314,  268, -222,  178, -138,  102,  -73,   47,  -29,   13,   -5,   -4,    5,   -9,    5,  -11,    5,    3,
    0,    6,   -2,   -9,    7,  -16,   20,  -29,   34,  -42,   45,  -47,   44,  -34,   16,   12,  -53,  107, -178,  266, -374,  504, -656,  834,-1042, 1286,-1579, 1946,-2439, 3193,-4653, 9560,29077,-4278, 1762, -790,  278,   29, -221,  339, -408,  439, -444,  429, -399,  360, -316,  269, -222,  178, -138,  102,  -72,   47,  -28,   13,   -4,   -4,    5,  -10,    5,  -11,    5,    3,
    0,    6,   -2,   -9,    7,  -16,   20,  -29,   34,  -41,   45,  -47,   43,  -33,   14,   14,  -55,  110, -181,  270, -378,  507, -659,  837,-1044, 1286,-1576, 1938,-2425, 3168,-4602, 9403,29155,-4205, 1715, -756,  251,   50, -238,  353, -418,  448, -450,  433, -402,  362, -317,  269, -222,  178, -137,  101,  -71,   46,  -28,   12,   -4,   -4,    5,  -10,    5,  -11,    5,    3,
    0,    5,   -1,   -9,    7,  -16,   20,  -29,   34,  -41,   44,  -46,   41,  -31,   12,   17,  -58,  113, -185,  274, -382,  511, -663,  839,-1045, 1285,-1573, 1931,-2411, 3142,-4551, 9246,29231,-4131, 1668, -721,  224,   71, -254,  366, -429,  456, -456,  438, -405,  364, -318,  270, -222,  177, -137,  101,  -71,   46,  -27,   12,   -3,   -4,    5,  -10,    5,  -11,    5,    3,
    0,    5,   -1,   -9,    7,  -16,   20,  -28,   34,  -41,   44,  -45,   40,  -30,   10,   19,  -61,  116, -188,  277, -386,  514, -666,  842,-1046, 1285,-1569, 1923,-2396, 3116,-4499, 9089,29306,-4057, 1620, -686,  198,   92, -271,  380, -440,  464, -463,  442, -409,  366, -319,  270, -222,  177, -136,  100,  -70,   45,  -26,   11,   -3,   -5,    6,  -10,    5,  -11,    5,    3,
    0,    5,   -1,   -9,    7,  -16,   20,  -28,   33,  -40,   43,  -44,   39,  -28,    9,   21,  -63,  119, -191,  281, -389,  518, -669,  844,-1047, 1284,-1565, 1915,-2381, 3089,-4447, 8933,29379,-3981, 1572, -651,  171,  114, -288,  393, -450,  472, -469,  447, -412,  368, -320,  271, -222,  177, -136,   99,  -69,   44,  -26,   11,   -3,   -5,    6,  -10,    5,  -11,    5,    3,
    0,    5,   -1,   -9,    7,  -16,   20,  -28,   33,  -40,   43,  -43,   38,  -27,    7,   23,  -66,  122, -195,  284, -393,  521, -672,  846,-1048, 1283,-1561, 1907,-2366, 3062,-4394, 8777,29452,-3904, 1523, -616,  144,  135, -305,  407, -461,  480, -475,  451, -415,  370, -321,  271, -222,  176, -135,   99,  -69,   44,  -25,   10,   -2,   -5,    6,  -10,    5,  -11,    5,    3,
    0,    5,   -1,   -9,    7,  -16,   20,  -28,   33,  -39,   42,  -42,   37,  -25,    5,   26,  -69,  125, -198,  288, -396,  525, -675,  848,-1049, 1281,-1557, 1898,-2351, 3035,-4341, 8621,29523,-3826, 1475, -581,  117,  156, -322,  420, -471,  488, -481,  455, -418,  372, -322,  272, -222,  176, -134,   98,  -68,   43,  -25,   10,   -2,   -6,    6,  -10,    5,  -11,    5,    3,
    0,    5,   -1,   -9,    7,  -16,   19,  -28,   33,  -39,   41,  -42,   36,  -24,    3,   28,  -71,  128, -201,  291, -400,  528, -678,  850,-1049, 1280,-1553, 1889,-2335, 3008,-4288, 8465,29592,-3746, 1425, -546,   90,  177, -339,  433, -481,  496, -487,  460, -421,  374, -323,  272, -222,  175, -134,   97,  -67,   42,  -24,   10,   -1,   -6,    6,  -10,    5,  -11,    5,    3,
    0,    5,   -1,   -9,    8,  -16,   19,  -28,   33,  -39,   41,  -41,   34,  -22,    1,   30,  -74,  131, -205,  295, -403,  531, -680,  852,-1050, 1278,-1548, 1880,-2319, 2980,-4234, 8310,29661,-3666, 1375, -510,   62,  199, -356,  447, -492,  504, -493,  464, -424,  376, -324,  272, -222,  175, -133,   97,  -67,   42,  -24,    9,   -1,   -6,    7,  -11,    6,  -11,    5,    3,
    0,    5,   -1,  -10,    8,  -17,   19,  -28,   32,  -38,   40,  -40,   33,  -21,   -1,   32,  -77,  134, -208,  298, -406,  534, -683,  854,-1050, 1276,-1543, 1871,-2303, 2952,-4180, 8155,29728,-3585, 1325, -474,   35,  220, -372,  460, -502,  512, -499,  468, -426,  377, -325,  272, -222,  174, -132,   96,  -66,   41,  -23,    9,   -1,   -6,    7,  -11,    6,  -11,    5,    3,
    0,    5,   -1,  -10,    8,  -17,   19,  -28,   32,  -38,   40,  -39,   32,  -19,   -3,   35,  -79,  137, -211,  301, -410,  537, -685,  855,-1050, 1274,-1538, 1861,-2287, 2923,-4126, 8001,29794,-3503, 1275, -438,    8,  241, -389,  473, -512,  520, -504,  472, -429,  379, -326,  273, -222,  174, -132,   95,  -65,   40,  -22,    8,    0,   -7,    7,  -11,    6,  -12,    5,    3,
    0,    5,   -1,  -10,    8,  -17,   19,  -28,   32,  -38,   39,  -38,   31,  -18,   -5,   37,  -82,  140, -214,  305, -413,  540, -688,  857,-1050, 1272,-1533, 1852,-2270, 2894,-4071, 7847,29858,-3420, 1224, -402,  -20,  263, -406,  486, -522,  528, -510,  476, -432,  381, -327,  273, -221,  173, -131,   94,  -64,   40,  -22,    8,    0,   -7,    7,  -11,    6,  -12,    5,    3,
    0,    5,   -1,  -10,    8,  -17,   19,  -27,   32,  -37,   38,  -37,   30,  -16,   -6,   39,  -84,  143, -217,  308, -416,  543, -690,  858,-1050, 1270,-1528, 1842,-2253, 2865,-4016, 7693,29921,-3335, 1173, -366,  -47,  284, -423,  499, -533,  535, -516,  480, -435,  382, -328,  273, -221,  173, -130,   94,  -64,   39,  -21,    7,    0,   -7,    7,  -11,    6,  -12,    5,    3,
    0,    5,   -1,  -10,    8,  -17,   19,  -27,   31,  -37,   38,  -36,   29,  -15,   -8,   41,  -87,  146, -220,  311, -419,  546, -692,  859,-1050, 1268,-1522, 1831,-2235, 2835,-3960, 7540,29983,-3250, 1121, -329,  -75,  305, -439,  512, -543,  543, -521,  484, -437,  384, -328,  273, -221,  172, -130,   93,  -63,   38,  -21,    7,    1,   -8,    7,  -11,    6,  -12,    5,    3,
    0,    5,   -1,  -10,    8,  -17,   19,  -27,   31,  -36,   37,  -35,   28,  -13,  -10,   44,  -89,  149, -223,  314, -422,  549, -694,  860,-1049, 1265,-1516, 1821,-2218, 2806,-3905, 7387,30044,-3164, 1069, -293, -102,  327, -456,  525, -553,  550, -527,  488, -440,  385, -329,  273, -220,  172, -129,   92,  -62,   38,  -20,    6,    1,   -8,    8,  -11,    6,  -12,    5,    3,
    0,    5,    0,  -10,    8,  -17,   19,  -27,   31,  -36,   36,  -35,   26,  -12,  -12,   46,  -92,  152, -226,  317, -425,  551, -696,  861,-1048, 1262,-1510, 1810,-2200, 2775,-3849, 7235,30103,-3076, 1017, -256, -130,  348, -473,  538, -563,  558, -532,  492, -442,  387, -330,  273, -220,  171, -128,   91,  -61,   37,  -19,    6,    2,   -8,    8,  -11,    6,  -12,    5,    3,
    0,    5,    0,  -10,    8,  -17,   19,  -27,   31,  -35,   36,  -34,   25,  -10,  -14,   48,  -94,  154, -229,  320, -428,  554, -698,  862,-1048, 1259,-1504, 1799,-2182, 2745,-3792, 7083,30161,-2988,  965, -219, -157,  369, -489,  551, -573,  565, -538,  496, -445,  388, -330,  273, -220,  170, -127,   90,  -60,   36,  -19,    5,    2,   -8,    8,  -12,    6,  -12,    5,    3,
    0,    5,    0,  -10,    8,  -17,   19,  -27,   30,  -35,   35,  -33,   24,   -9,  -16,   50,  -97,  157, -232,  323, -431,  556, -700,  863,-1047, 1256,-1498, 1788,-2163, 2714,-3736, 6931,30217,-2898,  912, -182, -185,  391, -506,  564, -582,  573, -543,  499, -447,  390, -331,  273, -219,  170, -127,   90,  -60,   35,  -18,    5,    2,   -9,    8,  -12,    6,  -12,    5,    3,
    0,    5,    0,  -10,    8,  -17,   19,  -27,   30,  -35,   35,  -32,   23,   -7,  -17,   52,  -99,  160, -235,  326, -434,  559, -702,  863,-1046, 1253,-1491, 1777,-2145, 2683,-3679, 6780,30272,-2808,  859, -145, -213,  412, -522,  577, -592,  580, -548,  503, -449,  391, -331,  273, -219,  169, -126,   89,  -59,   35,  -18,    4,    3,   -9,    8,  -12,    6,  -12,    4,    3,
    0,    5,    0,  -10,    8,  -17,   19,  -27,   30,  -34,   34,  -31,   22,   -6,  -19,   54, -102,  162, -238,  329, -437,  561, -703,  864,-1045, 1249,-1484, 1765,-2126, 2652,-3622, 6629,30326,-2716,  805, -108, -240,  433, -539,  589, -602,  587, -553,  507, -452,  392, -332,  273, -218,  168, -125,   88,  -58,   34,  -17,    4,    3,   -9,    9,  -12,    6,  -12,    4,    3,
    0,    5,    0,  -10,    8,  -17,   19,  -26,   30,  -34,   33,  -30,   20,   -4,  -21,   57, -104,  165, -241,  332, -439,  563, -705,  864,-1043, 1245,-1477, 1753,-2107, 2621,-3565, 6479,30379,-2624,  751,  -70, -268,  454, -555,  602, -611,  594, -559,  510, -454,  393, -332,  273, -218,  168, -124,   87,  -57,   33,  -16,    3,    4,  -10,    9,  -12,    6,  -12,    4,    3,
    0,    5,    0,  -10,    8,  -17,   19,  -26,   29,  -33,   33,  -29,   19,   -3,  -23,   59, -107,  168, -244,  335, -442,  565, -706,  865,-1042, 1242,-1470, 1741,-2087, 2589,-3507, 6329,30430,-2531,  697,  -33, -296,  476, -572,  615, -621,  601, -564,  514, -456,  394, -333,  273, -217,  167, -123,   86,  -56,   32,  -16,    3,    4,  -10,    9,  -12,    6,  -12,    4,    3,
    0,    5,    0,  -10,    8,  -17,   19,  -26,   29,  -33,   32,  -28,   18,   -1,  -25,   61, -109,  170, -246,  337, -444,  568, -707,  865,-1040, 1238,-1463, 1729,-2068, 2557,-3449, 6180,30479,-2436,  643,    5, -324,  497, -588,  627, -630,  608, -569,  517, -458,  396, -333,  273, -217,  166, -122,   85,  -56,   32,  -15,    2,    4,  -10,    9,  -12,    7,  -12,    4,    3,
    0,    5,    0,  -10,    8,  -17,   19,  -26,   29,  -32,   31,  -27,   17,    0,  -26,   63, -111,  173, -249,  340, -447,  570, -709,  865,-1039, 1233,-1455, 1716,-2048, 2524,-3391, 6031,30528,-2341,  588,   42, -351,  518, -604,  640, -640,  615, -574,  520, -460,  397, -333,  272, -216,  165, -121,   84,  -55,   31,  -14,    2,    5,  -10,    9,  -12,    7,  -12,    4,    3,
    0,    5,    0,  -10,    8,  -17,   19,  -26,   28,  -32,   31,  -27,   16,    2,  -28,   65, -114,  176, -252,  343, -449,  571, -710,  865,-1037, 1229,-1447, 1704,-2028, 2492,-3333, 5883,30575,-2244,  533,   80, -379,  539, -620,  652, -649,  622, -578,  523, -462,  398, -333,  272, -215,  164, -121,   83,  -54,   30,  -14,    1,    5,  -11,   10,  -12,    7,  -12,    4,    3,
    0,    5,    0,  -10,    8,  -17,   19,  -26,   28,  -32,   30,  -26,   15,    3,  -30,   67, -116,  178, -254,  345, -452,  573, -711,  864,-1035, 1225,-1439, 1691,-2007, 2459,-3275, 5735,30620,-2147,  477,  118, -407,  560, -637,  664, -658,  629, -583,  527, -464,  398, -334,  272, -215,  164, -120,   82,  -53,   29,  -13,    1,    5,  -11,   10,  -13,    7,  -12,    4,    3,
    0,    5,    0,  -10,    8,  -17,   18,  -25,   28,  -31,   29,  -25,   13,    4,  -32,   69, -118,  181, -257,  348, -454,  575, -712,  864,-1033, 1220,-1431, 1678,-1987, 2426,-3216, 5588,30664,-2048,  422,  156, -435,  581, -653,  676, -668,  636, -588,  530, -466,  399, -334,  271, -214,  163, -119,   81,  -52,   29,  -12,    0,    6,  -11,   10,  -13,    7,  -12,    4,    3,
    0,    5,    0,  -11,    8,  -17,   18,  -25,   28,  -31,   29,  -24,   12,    6,  -34,   71, -121,  183, -260,  350, -456,  577, -713,  863,-1030, 1215,-1423, 1664,-1966, 2393,-3157, 5441,30707,-1949,  366,  194, -463,  602, -669,  689, -677,  642, -593,  533, -467,  400, -334,  271, -213,  162, -118,   81,  -51,   28,  -12,   -1,    6,  -12,   10,  -13,    7,  -12,    4,    3,
    0,    5,    1,  -11,    8,  -17,   18,  -25,   27,  -30,   28,  -23,   11,    7,  -35,   73, -123,  186, -262,  353, -458,  578, -713,  863,-1028, 1210,-1414, 1651,-1945, 2359,-3098, 5295,30749,-1848,  310,  232, -491,  623, -685,  701, -686,  649, -597,  536, -469,  401, -334,  271, -213,  161, -117,   80,  -50,   27,  -11,   -1,    7,  -12,   10,  -13,    7,  -12,    4,    3,
    0,    5,    1,  -11,    8,  -17,   18,  -25,   27,  -30,   27,  -22,   10,    9,  -37,   75, -125,  188, -265,  355, -460,  580, -714,  862,-1025, 1205,-1406, 1637,-1923, 2325,-3039, 5150,30789,-1747,  253,  270, -518,  644, -701,  713, -695,  655, -602,  539, -471,  402, -334,  270, -212,  160, -116,   79,  -49,   26,  -10,   -2,    7,  -12,   11,  -13,    7,  -12,    4,    3,
    0,    5,    1,  -11,    8,  -16,   18,  -25,   27,  -29,   27,  -21,    9,   10,  -39,   77, -128,  190, -267,  357, -462,  581, -714,  861,-1023, 1200,-1397, 1623,-1902, 2291,-2979, 5005,30827,-1645,  197,  308, -546,  665, -716,  725, -703,  662, -606,  541, -472,  402, -334,  270, -211,  159, -115,   78,  -48,   25,  -10,   -2,    7,  -12,   11,  -13,    7,  -12,    4,    3,
    0,    5,    1,  -11,    8,  -16,   18,  -25,   26,  -29,   26,  -20,    8,   12,  -41,   79, -130,  193, -269,  360, -464,  583, -715,  860,-1020, 1194,-1388, 1609,-1880, 2257,-2920, 4860,30864,-1541,  140,  346, -574,  686, -732,  736, -712,  668, -610,  544, -474,  403, -334,  269, -210,  158, -114,   77,  -48,   25,   -9,   -3,    8,  -13,   11,  -13,    7,  -12,    4,    3,
    0,    5,    1,  -11,    8,  -16,   18,  -24,   26,  -28,   25,  -19,    6,   13,  -42,   81, -132,  195, -272,  362, -466,  584, -715,  859,-1017, 1189,-1378, 1595,-1858, 2223,-2860, 4717,30900,-1437,   83,  385, -602,  707, -748,  748, -721,  674, -615,  547, -475,  403, -334,  268, -209,  157, -113,   76,  -47,   24,   -8,   -3,    8,  -13,   11,  -13,    7,  -12,    4,    3,
    0,    5,    1,  -11,    8,  -16,   18,  -24,   26,  -28,   25,  -18,    5,   15,  -44,   83, -134,  197, -274,  364, -468,  585, -715,  858,-1014, 1183,-1369, 1580,-1836, 2188,-2800, 4573,30934,-1332,   25,  423, -630,  727, -763,  760, -729,  680, -619,  549, -477,  404, -334,  268, -208,  156, -111,   74,  -46,   23,   -8,   -4,    9,  -13,   11,  -13,    7,  -12,    4,    4,
    0,    5,    1,  -11,    8,  -16,   18,  -24,   25,  -27,   24,  -18,    4,   16,  -46,   85, -136,  200, -276,  366, -470,  586, -715,  857,-1010, 1177,-1359, 1565,-1814, 2153,-2740, 4431,30967,-1226,  -32,  462, -657,  748, -779,  772, -738,  686, -623,  552, -478,  404, -333,  267, -207,  155, -110,   73,  -45,   22,   -7,   -4,    9,  -13,   11,  -13,    7,  -12,    4,    4,
    0,    5,    1,  -11,    8,  -16,   18,  -24,   25,  -27,   23,  -17,    3,   18,  -47,   87, -138,  202, -279,  368, -471,  587, -715,  855,-1007, 1171,-1350, 1551,-1791, 2118,-2680, 4289,30999,-1119,  -90,  500, -685,  768, -794,  783, -746,  692, -627,  554, -479,  405, -333,  266, -206,  154, -109,   72,  -44,   21,   -6,   -5,    9,  -14,   12,  -14,    7,  -12,    4,    4,
    0,    5,    1,  -11,    8,  -16,   18,  -24,   25,  -26,   23,  -16,    2,   19,  -49,   89, -141,  204, -281,  370, -473,  588, -715,  854,-1004, 1165,-1340, 1536,-1769, 2083,-2620, 4147,31029,-1011, -148,  538, -713,  789, -810,  794, -755,  698, -631,  557, -481,  405, -333,  266, -205,  153, -108,   71,  -43,   21,   -6,   -5,   10,  -14,   12,  -14,    7,  -12,    4,    4,
    0,    5,    1,  -11,    8,  -16,   17,  -23,   24,  -26,   22,  -15,    1,   20,  -51,   91, -143,  206, -283,  372, -474,  589, -715,  852,-1000, 1158,-1330, 1520,-1746, 2048,-2560, 4007,31058, -902, -206,  577, -740,  809, -825,  806, -763,  704, -635,  559, -482,  405, -332,  265, -204,  151, -107,   70,  -42,   20,   -5,   -6,   10,  -14,   12,  -14,    7,  -12,    4,    4,
    0,    5,    1,  -11,    8,  -16,   17,  -23,   24,  -25,   21,  -14,   -1,   22,  -52,   93, -145,  208, -285,  374, -476,  590, -715,  851, -996, 1152,-1319, 1505,-1723, 2012,-2499, 3866,31085, -792, -265,  616, -768,  830, -840,  817, -771,  710, -638,  561, -483,  406, -332,  264, -203,  150, -106,   69,  -41,   19,   -4,   -6,   11,  -15,   12,  -14,    7,  -12,    4,    4,
    0,    5,    1,  -11,    8,  -16,   17,  -23,   24,  -25,   21,  -13,   -2,   23,  -54,   95, -147,  211, -287,  376, -477,  590, -715,  849, -992, 1145,-1309, 1489,-1699, 1976,-2439, 3727,31111, -681, -323,  654, -795,  850, -855,  828, -779,  715, -642,  564, -484,  406, -332,  263, -202,  149, -105,   68,  -40,   18,   -4,   -7,   11,  -15,   12,  -14,    7,  -12,    3,    4,
    0,    5,    1,  -11,    8,  -16,   17,  -23,   23,  -24,   20,  -12,   -3,   25,  -56,   97, -149,  213, -289,  378, -479,  591, -714,  847, -988, 1138,-1298, 1473,-1676, 1940,-2378, 3588,31135, -569, -382,  693, -823,  870, -870,  839, -787,  721, -646,  566, -485,  406, -331,  262, -201,  148, -103,   67,  -39,   17,   -3,   -7,   11,  -15,   12,  -14,    7,  -12,    3,    4,
    0,    5,    1,  -11,    8,  -16,   17,  -23,   23,  -24,   19,  -11,   -4,   26,  -57,   98, -151,  215, -291,  379, -480,  592, -713,  845, -984, 1131,-1288, 1457,-1652, 1904,-2317, 3450,31158, -457, -441,  731, -850,  890, -885,  850, -795,  726, -649,  568, -486,  406, -331,  261, -200,  147, -102,   66,  -38,   16,   -2,   -8,   12,  -15,   13,  -14,    8,  -12,    3,    4,
    0,    5,    2,  -11,    8,  -16,   17,  -22,   23,  -23,   18,  -10,   -5,   27,  -59,  100, -153,  217, -293,  381, -481,  592, -713,  842, -980, 1124,-1277, 1441,-1628, 1868,-2256, 3313,31180, -343, -500,  770, -877,  910, -900,  861, -803,  732, -653,  570, -487,  406, -330,  260, -199,  145, -101,   65,  -37,   16,   -2,   -8,   12,  -16,   13,  -14,    8,  -12,    3,    4,
    0,    4,    2,  -11,    8,  -16,   17,  -22,   22,  -23,   18,   -9,   -6,   29,  -61,  102, -155,  219, -295,  383, -482,  592, -712,  840, -975, 1117,-1266, 1425,-1604, 1831,-2196, 3176,31200, -229, -560,  809, -905,  930, -915,  872, -810,  737, -656,  572, -487,  406, -329,  259, -198,  144, -100,   63,  -36,   15,   -1,   -9,   13,  -16,   13,  -14,    8,  -12,    3,    4,
    0,    4,    2,  -11,    8,  -16,   17,  -22,   22,  -22,   17,   -8,   -8,   30,  -62,  104, -157,  221, -297,  384, -483,  593, -711,  838, -971, 1110,-1255, 1408,-1580, 1795,-2135, 3040,31219, -113, -619,  847, -932,  950, -929,  882, -818,  742, -659,  573, -488,  406, -329,  258, -196,  143,  -98,   62,  -35,   14,    0,   -9,   13,  -16,   13,  -14,    8,  -12,    3,    4,
    0,    4,    2,  -11,    8,  -16,   17,  -22,   22,  -22,   16,   -8,   -9,   32,  -64,  106, -159,  223, -299,  386, -484,  593, -710,  835, -966, 1102,-1243, 1392,-1556, 1758,-2074, 2904,31236,    3, -679,  886, -959,  970, -944,  893, -825,  747, -662,  575, -489,  405, -328,  257, -195,  142,  -97,   61,  -34,   13,    0,  -10,   13,  -16,   13,  -14,    8,  -12,    3,    4,
    0,    4,    2,  -11,    8,  -16,   16,  -22,   21,  -21,   16,   -7,  -10,   33,  -65,  107, -160,  225, -300,  387, -485,  593, -709,  832, -961, 1094,-1232, 1375,-1531, 1721,-2013, 2770,31252,  120, -738,  924, -986,  990, -958,  903, -833,  752, -665,  577, -489,  405, -327,  256, -194,  140,  -96,   60,  -33,   12,    1,  -10,   14,  -17,   13,  -15,    8,  -12,    3,    4,
    0,    4,    2,  -11,    8,  -16,   16,  -21,   21,  -21,   15,   -6,  -11,   34,  -67,  109, -162,  226, -302,  389, -486,  593, -708,  830, -956, 1087,-1220, 1358,-1507, 1684,-1952, 2636,31267,  238, -798,  963,-1013, 1009, -972,  913, -840,  757, -668,  578, -490,  405, -326,  255, -193,  139,  -95,   59,  -32,   11,    2,  -11,   14,  -17,   14,  -15,    8,  -12,    3,    4,
    0,    4,    2,  -11,    8,  -16,   16,  -21,   21,  -20,   14,   -5,  -12,   36,  -69,  111, -164,  228, -304,  390, -487,  593, -707,  827, -951, 1079,-1208, 1341,-1482, 1647,-1891, 2503,31280,  357, -858, 1001,-1040, 1029, -986,  924, -847,  762, -671,  580, -490,  405, -325,  254, -191,  137,  -93,   58,  -31,   10,    2,  -12,   14,  -17,   14,  -15,    8,  -12,    3,    4,
    0,    4,    2,  -11,    8,  -16,   16,  -21,   20,  -20,   14,   -4,  -13,   37,  -70,  113, -166,  230, -305,  391, -488,  593, -705,  824, -946, 1071,-1196, 1324,-1457, 1610,-1830, 2370,31291,  476, -919, 1040,-1067, 1048,-1000,  934, -854,  766, -674,  581, -490,  404, -325,  253, -190,  136,  -92,   56,  -30,   10,    3,  -12,   15,  -17,   14,  -15,    8,  -12,    3,    4,
    0,    4,    2,  -11,    8,  -16,   16,  -21,   20,  -19,   13,   -3,  -14,   38,  -72,  114, -168,  232, -307,  393, -488,  593, -704,  821, -941, 1062,-1184, 1306,-1432, 1572,-1769, 2238,31301,  597, -979, 1078,-1094, 1067,-1014,  944, -861,  771, -677,  582, -491,  404, -324,  251, -188,  135,  -91,   55,  -29,    9,    4,  -13,   15,  -18,   14,  -15,    8,  -12,    3,    4,
    0,    4,    2,  -11,    8,  -16,   16,  -20,   20,  -19,   12,   -2,  -15,   40,  -73,  116, -169,  233, -308,  394, -489,  592, -702,  817, -935, 1054,-1172, 1289,-1407, 1535,-1708, 2107,31310,  718,-1039, 1117,-1120, 1086,-1028,  954, -868,  775, -679,  584, -491,  403, -323,  250, -187,  133,  -89,   54,  -27,    8,    5,  -13,   16,  -18,   14,  -15,    8,  -12,    3,    4,
    0,    4,    2,  -11,    8,  -16,   16,  -20,   19,  -18,   12,   -1,  -17,   41,  -75,  118, -171,  235, -310,  395, -489,  592, -701,  814, -930, 1045,-1159, 1271,-1381, 1497,-1647, 1977,31317,  840,-1100, 1155,-1147, 1105,-1042,  963, -875,  780, -682,  585, -491,  403, -321,  249, -186,  132,  -88,   53,  -26,    7,    5,  -14,   16,  -18,   14,  -15,    8,  -12,    3,    4,
    0,    4,    2,  -11,    8,  -16,   16,  -20,   19,  -18,   11,    0,  -18,   42,  -76,  119, -173,  237, -311,  396, -490,  591, -699,  811, -924, 1037,-1147, 1253,-1356, 1460,-1586, 1848,31323,  964,-1160, 1193,-1173, 1124,-1055,  973, -881,  784, -684,  586, -491,  402, -320,  247, -184,  130,  -86,   51,  -25,    6,    6,  -14,   16,  -18,   15,  -15,    8,  -12,    3,    4,
    0,    4,    2,  -12,    8,  -15,   15,  -20,   19,  -17,   10,    1,  -19,   44,  -78,  121, -175,  238, -313,  397, -490,  591, -697,  807, -918, 1028,-1134, 1235,-1330, 1422,-1525, 1719,31327, 1087,-1221, 1232,-1200, 1143,-1069,  982, -888,  788, -687,  587, -491,  401, -319,  246, -183,  129,  -85,   50,  -24,    5,    7,  -15,   17,  -19,   15,  -15,    8,  -12,    3,    4,
    0,    4,    2,  -12,    8,  -15,   15,  -20,   18,  -17,    9,    2,  -20,   45,  -79,  123, -176,  240, -314,  398, -491,  590, -695,  804, -912, 1019,-1121, 1217,-1304, 1384,-1464, 1591,31330, 1212,-1281, 1270,-1226, 1162,-1082,  992, -894,  792, -689,  588, -491,  401, -318,  245, -181,  127,  -84,   49,  -23,    4,    7,  -15,   17,  -19,   15,  -15,    8,  -12,    3,    4,
    1,    4,    2,  -12,    8,  -15,   15,  -19,   18,  -16,    9,    2,  -21,   46,  -81,  124, -178,  242, -316,  399, -491,  590, -693,  800, -906, 1010,-1109, 1199,-1278, 1346,-1403, 1464,31331, 1338,-1342, 1308,-1252, 1180,-1095, 1001, -900,  796, -691,  589, -491,  400, -317,  243, -179,  126,  -82,   48,  -22,    3,    8,  -16,   17,  -19,   15,  -15,    8,  -12,    2,    4,
