// single phase coef Number:=24,    upsample factor:=160,     downsample factor:=147
   -50, -240,  231, -301,  390, -484,  574, -655,  720, -758,  740,31915,  941, -852,  776, -691,  598, -499,  399, -306,  233, -239,  -52,    9,
  -49, -240,  228, -296,  381, -469,  551, -619,  663, -664,  542,31911, 1143, -946,  832, -728,  621, -514,  408, -311,  235, -239,  -53,    0,
  -48, -240,  226, -291,  372, -454,  527, -583,  607, -571,  346,31903, 1349,-1041,  889, -763,  644, -528,  417, -316,  238, -239,  -54,    0,
  -47, -241,  223, -286,  363, -439,  504, -547,  551, -478,  152,31892, 1556,-1136,  945, -799,  668, -543,  426, -321,  240, -238,  -55,    0,
  -46, -241,  220, -281,  354, -424,  480, -510,  495, -385,  -39,31876, 1765,-1231, 1001, -835,  690, -557,  434, -325,  242, -238,  -56,    0,
  -45, -241,  218, -275,  344, -408,  456, -474,  439, -294, -227,31856, 1977,-1327, 1057, -871,  713, -571,  443, -330,  244, -237,  -57,    1,
  -44, -241,  215, -270,  335, -393,  432, -438,  384, -202, -414,31833, 2191,-1423, 1114, -906,  736, -586,  451, -335,  246, -236,  -58,    1,
  -43, -241,  212, -264,  325, -378,  408, -402,  328, -112, -598,31805, 2406,-1519, 1170, -942,  758, -600,  459, -339,  248, -236,  -59,    1,
  -42, -241,  209, -259,  316, -362,  385, -366,  273,  -21, -779,31774, 2624,-1615, 1226, -977,  781, -613,  467, -343,  250, -235,  -61,    1,
  -42, -241,  206, -253,  306, -347,  361, -329,  218,   68, -958,31738, 2844,-1711, 1281,-1012,  803, -627,  475, -347,  251, -234,  -62,    1,
  -41, -241,  203, -248,  296, -331,  337, -293,  163,  157,-1134,31699, 3066,-1807, 1337,-1046,  825, -641,  483, -352,  253, -233,  -63,    1,
  -40, -241,  200, -242,  287, -315,  313, -257,  108,  245,-1308,31656, 3290,-1904, 1393,-1081,  847, -654,  491, -356,  255, -232,  -64,    1,
  -39, -241,  197, -236,  277, -300,  289, -221,   54,  332,-1479,31609, 3515,-2000, 1448,-1115,  868, -667,  499, -359,  256, -232,  -65,    1,
  -38, -241,  194, -230,  267, -284,  265, -185,   -1,  419,-1648,31558, 3743,-2096, 1503,-1150,  890, -680,  506, -363,  258, -231,  -67,    1,
  -37, -241,  191, -224,  257, -268,  241, -150,  -54,  505,-1813,31504, 3972,-2193, 1558,-1183,  911, -693,  513, -367,  259, -230,  -68,    1,
  -36, -240,  188, -218,  247, -253,  217, -114, -108,  590,-1977,31445, 4204,-2289, 1612,-1217,  932, -706,  521, -371,  260, -229,  -69,    1,
  -35, -240,  184, -213,  237, -237,  193,  -79, -161,  675,-2137,31383, 4437,-2385, 1667,-1250,  953, -718,  528, -374,  262, -227,  -70,    1,
  -34, -240,  181, -207,  227, -221,  169,  -43, -214,  758,-2295,31316, 4671,-2481, 1721,-1283,  973, -731,  535, -377,  263, -226,  -72,    1,
  -34, -239,  178, -200,  217, -206,  146,   -8, -266,  841,-2451,31246, 4908,-2576, 1774,-1316,  993, -743,  541, -381,  264, -225,  -73,    1,
  -33, -239,  174, -194,  207, -190,  122,   27, -318,  923,-2603,31173, 5146,-2672, 1827,-1349, 1013, -755,  548, -384,  265, -224,  -74,    1,
  -32, -239,  171, -188,  197, -174,   98,   62, -370, 1004,-2753,31095, 5385,-2767, 1880,-1381, 1033, -766,  554, -387,  266, -223,  -75,    1,
  -31, -238,  167, -182,  187, -158,   75,   96, -421, 1084,-2900,31014, 5626,-2862, 1933,-1413, 1052, -778,  560, -390,  267, -221,  -77,    1,
  -30, -238,  164, -176,  177, -143,   52,  130, -472, 1163,-3044,30929, 5869,-2957, 1985,-1444, 1072, -789,  567, -393,  267, -220,  -78,    1,
  -30, -237,  160, -170,  167, -127,   28,  165, -523, 1241,-3186,30840, 6113,-3051, 2037,-1475, 1090, -800,  572, -395,  268, -218,  -80,    1,
  -29, -237,  157, -164,  157, -112,    5,  199, -573, 1318,-3325,30747, 6359,-3144, 2088,-1506, 1109, -811,  578, -398,  268, -217,  -81,    1,
  -28, -236,  153, -157,  147,  -96,  -18,  232, -622, 1394,-3461,30651, 6605,-3238, 2139,-1536, 1127, -821,  584, -400,  269, -216,  -82,    1,
  -27, -235,  149, -151,  137,  -80,  -41,  266, -671, 1469,-3594,30552, 6854,-3331, 2189,-1566, 1145, -832,  589, -402,  269, -214,  -84,    1,
  -27, -235,  146, -145,  126,  -65,  -64,  299, -719, 1543,-3724,30448, 7103,-3423, 2239,-1595, 1163, -842,  594, -405,  270, -212,  -85,    1,
  -26, -234,  142, -139,  116,  -50,  -87,  332, -767, 1616,-3852,30341, 7354,-3515, 2288,-1624, 1180, -851,  599, -407,  270, -211,  -86,    1,
  -25, -233,  138, -132,  106,  -34, -109,  364, -815, 1688,-3977,30230, 7606,-3606, 2337,-1653, 1197, -861,  604, -409,  270, -209,  -88,    1,
  -25, -233,  134, -126,   96,  -19, -132,  397, -861, 1758,-4098,30116, 7859,-3696, 2385,-1681, 1213, -870,  609, -410,  270, -207,  -89,    0,
  -24, -232,  130, -120,   86,   -4, -154,  429, -908, 1828,-4217,29999, 8113,-3786, 2432,-1708, 1229, -879,  613, -412,  270, -205,  -91,    0,
  -23, -231,  127, -113,   76,   11, -176,  460, -953, 1897,-4334,29877, 8369,-3875, 2479,-1736, 1245, -888,  618, -414,  270, -204,  -92,    0,
  -23, -230,  123, -107,   66,   26, -198,  492, -998, 1964,-4447,29753, 8625,-3964, 2525,-1762, 1261, -896,  622, -415,  270, -202,  -94,    0,
  -22, -229,  119, -101,   56,   41, -220,  523,-1043, 2030,-4557,29625, 8882,-4051, 2571,-1788, 1276, -905,  626, -416,  269, -200,  -95,    0,
  -21, -228,  115,  -94,   46,   56, -241,  554,-1087, 2095,-4665,29493, 9140,-4138, 2616,-1814, 1290, -913,  629, -417,  269, -198,  -97,    0,
  -21, -227,  111,  -88,   36,   71, -263,  584,-1130, 2159,-4770,29358, 9399,-4224, 2660,-1839, 1304, -920,  633, -418,  268, -196,  -98,    0,
  -20, -226,  107,  -82,   27,   86, -284,  614,-1172, 2221,-4871,29220, 9659,-4309, 2703,-1863, 1318, -927,  636, -419,  268, -194, -100,    0,
  -20, -226,  103,  -75,   17,  100, -305,  643,-1214, 2283,-4970,29078, 9920,-4394, 2746,-1887, 1332, -934,  639, -420,  267, -191, -101,    0,
  -19, -225,   99,  -69,    7,  115, -326,  673,-1255, 2343,-5067,28933,10181,-4477, 2788,-1911, 1345, -941,  642, -420,  266, -189, -103,    0,
  -19, -223,   95,  -63,   -3,  129, -346,  702,-1296, 2402,-5160,28785,10443,-4559, 2829,-1934, 1357, -948,  644, -421,  265, -187, -104,    0,
  -18, -222,   91,  -56,  -12,  143, -366,  730,-1336, 2459,-5250,28634,10706,-4640, 2869,-1956, 1370, -954,  647, -421,  264, -185, -106,    0,
  -17, -221,   87,  -50,  -22,  158, -386,  758,-1375, 2515,-5338,28479,10969,-4720, 2909,-1977, 1381, -959,  649, -421,  263, -182, -107,    0,
  -17, -220,   83,  -44,  -31,  171, -406,  786,-1413, 2570,-5422,28321,11233,-4799, 2947,-1998, 1392, -965,  651, -421,  262, -180, -109,    0,
  -16, -219,   79,  -37,  -41,  185, -426,  813,-1451, 2624,-5504,28160,11497,-4877, 2985,-2019, 1403, -970,  653, -421,  261, -178, -110,    0,
  -16, -218,   74,  -31,  -50,  199, -445,  840,-1488, 2676,-5583,27996,11762,-4954, 3022,-2038, 1414, -975,  654, -420,  260, -175, -112,    0,
  -15, -217,   70,  -25,  -60,  213, -464,  866,-1524, 2727,-5659,27829,12027,-5029, 3058,-2057, 1424, -979,  655, -420,  258, -173, -113,    0,
  -15, -216,   66,  -19,  -69,  226, -483,  892,-1560, 2777,-5732,27659,12292,-5104, 3093,-2076, 1433, -984,  657, -419,  257, -170, -115,    0,
  -14, -214,   62,  -13,  -78,  239, -502,  917,-1594, 2825,-5802,27486,12557,-5177, 3127,-2094, 1442, -987,  657, -418,  255, -167, -117,    0,
  -14, -213,   58,   -7,  -87,  252, -520,  942,-1628, 2872,-5870,27310,12823,-5248, 3160,-2111, 1450, -991,  658, -417,  253, -165, -118,    0,
  -14, -212,   54,    0,  -96,  265, -538,  967,-1661, 2918,-5934,27131,13089,-5318, 3193,-2127, 1458, -994,  658, -416,  252, -162, -120,    0,
  -13, -211,   50,    6, -105,  278, -556,  991,-1694, 2962,-5996,26949,13355,-5387, 3224,-2143, 1466, -997,  659, -415,  250, -159, -121,    0,
  -13, -209,   46,   12, -114,  291, -573, 1014,-1725, 3005,-6055,26764,13621,-5455, 3254,-2158, 1473, -999,  658, -414,  248, -157, -123,    0,
  -12, -208,   41,   18, -123,  303, -590, 1037,-1756, 3047,-6111,26577,13887,-5521, 3283,-2172, 1479,-1001,  658, -412,  246, -154, -125,    0,
  -12, -207,   37,   24, -132,  316, -607, 1060,-1786, 3087,-6164,26387,14153,-5585, 3312,-2186, 1485,-1003,  658, -411,  243, -151, -126,   -1,
  -11, -205,   33,   30, -140,  328, -624, 1082,-1815, 3126,-6215,26194,14419,-5648, 3339,-2198, 1491,-1004,  657, -409,  241, -148, -128,   -1,
  -11, -204,   29,   35, -149,  340, -640, 1103,-1844, 3163,-6262,25998,14684,-5710, 3365,-2210, 1496,-1006,  656, -407,  239, -145, -130,   -1,
  -11, -203,   25,   41, -157,  351, -656, 1124,-1871, 3199,-6307,25800,14950,-5769, 3390,-2222, 1500,-1006,  654, -404,  236, -142, -131,   -1,
  -10, -201,   21,   47, -165,  363, -671, 1145,-1898, 3233,-6350,25599,15215,-5827, 3414,-2232, 1504,-1007,  653, -402,  234, -139, -133,   -1,
  -10, -200,   17,   53, -174,  374, -687, 1165,-1924, 3267,-6389,25396,15480,-5884, 3436,-2242, 1507,-1006,  651, -400,  231, -136, -134,   -1,
  -10, -198,   12,   58, -182,  386, -701, 1184,-1949, 3298,-6426,25190,15744,-5939, 3458,-2251, 1510,-1006,  649, -397,  228, -133, -136,   -1,
   -9, -197,    8,   64, -190,  396, -716, 1203,-1973, 3329,-6460,24982,16008,-5992, 3479,-2259, 1513,-1005,  647, -394,  226, -130, -138,   -1,
   -9, -195,    4,   70, -198,  407, -730, 1222,-1996, 3357,-6491,24771,16272,-6043, 3498,-2267, 1514,-1004,  644, -391,  223, -127, -139,   -1,
   -8, -194,    0,   75, -205,  418, -744, 1240,-2018, 3385,-6520,24558,16535,-6092, 3516,-2273, 1516,-1003,  642, -388,  220, -123, -141,   -1,
   -8, -192,   -4,   81, -213,  428, -758, 1257,-2040, 3411,-6546,24343,16797,-6140, 3533,-2279, 1516,-1001,  639, -385,  217, -120, -143,   -2,
   -8, -191,   -8,   86, -221,  438, -771, 1274,-2061, 3436,-6569,24125,17059,-6186, 3549,-2284, 1516, -999,  635, -382,  213, -117, -144,   -2,
   -8, -189,  -12,   92, -228,  448, -784, 1290,-2081, 3459,-6590,23906,17320,-6230, 3563,-2289, 1516, -996,  632, -378,  210, -113, -146,   -2,
   -7, -188,  -16,   97, -235,  458, -797, 1306,-2100, 3481,-6608,23684,17581,-6272, 3577,-2292, 1515, -993,  628, -374,  207, -110, -148,   -2,
   -7, -186,  -20,  102, -243,  468, -809, 1321,-2118, 3501,-6623,23460,17840,-6311, 3589,-2295, 1513, -990,  624, -371,  203, -107, -149,   -2,
   -7, -185,  -24,  107, -250,  477, -821, 1336,-2135, 3520,-6636,23234,18099,-6349, 3599,-2296, 1511, -986,  620, -367,  200, -103, -151,   -2,
   -6, -183,  -28,  112, -257,  486, -832, 1350,-2151, 3538,-6646,23006,18356,-6385, 3609,-2297, 1509, -982,  616, -363,  196, -100, -153,   -2,
   -6, -182,  -32,  117, -263,  495, -844, 1363,-2167, 3554,-6654,22776,18613,-6419, 3617,-2297, 1505, -977,  611, -358,  192,  -96, -154,   -3,
   -6, -180,  -36,  122, -270,  504, -854, 1376,-2182, 3568,-6659,22544,18869,-6451, 3624,-2297, 1501, -972,  606, -354,  189,  -93, -156,   -3,
   -6, -179,  -40,  127, -277,  512, -865, 1388,-2195, 3582,-6662,22310,19123,-6481, 3630,-2295, 1497, -967,  601, -349,  185,  -89, -158,   -3,
   -5, -177,  -44,  132, -283,  520, -875, 1400,-2208, 3594,-6662,22074,19377,-6508, 3634,-2292, 1492, -962,  596, -344,  181,  -85, -159,   -3,
   -5, -175,  -48,  137, -289,  528, -885, 1411,-2220, 3604,-6660,21837,19629,-6534, 3637,-2289, 1487, -956,  590, -340,  177,  -82, -161,   -3,
   -5, -174,  -52,  142, -295,  536, -894, 1422,-2231, 3613,-6655,21598,19880,-6557, 3639,-2285, 1481, -949,  584, -335,  173,  -78, -162,   -3,
   -5, -172,  -56,  146, -301,  544, -903, 1432,-2242, 3621,-6648,21357,20130,-6578, 3639,-2280, 1474, -942,  578, -329,  169,  -74, -164,   -4,
   -4, -171,  -59,  151, -307,  551, -912, 1442,-2251, 3628,-6639,21114,20378,-6596, 3638,-2274, 1467, -935,  572, -324,  164,  -71, -166,   -4,
   -4, -169,  -63,  155, -313,  558, -920, 1451,-2260, 3633,-6627,20870,20625,-6613, 3636,-2267, 1459, -928,  565, -319,  160,  -67, -167,   -4,
   -4, -167,  -67,  160, -319,  565, -928, 1459,-2267, 3636,-6613,20625,20870,-6627, 3633,-2260, 1451, -920,  558, -313,  155,  -63, -169,   -4,
   -4, -166,  -71,  164, -324,  572, -935, 1467,-2274, 3638,-6596,20378,21114,-6639, 3628,-2251, 1442, -912,  551, -307,  151,  -59, -171,   -4,
   -4, -164,  -74,  169, -329,  578, -942, 1474,-2280, 3639,-6578,20130,21357,-6648, 3621,-2242, 1432, -903,  544, -301,  146,  -56, -172,   -5,
   -3, -162,  -78,  173, -335,  584, -949, 1481,-2285, 3639,-6557,19880,21598,-6655, 3613,-2231, 1422, -894,  536, -295,  142,  -52, -174,   -5,
   -3, -161,  -82,  177, -340,  590, -956, 1487,-2289, 3637,-6534,19629,21837,-6660, 3604,-2220, 1411, -885,  528, -289,  137,  -48, -175,   -5,
   -3, -159,  -85,  181, -344,  596, -962, 1492,-2292, 3634,-6508,19377,22074,-6662, 3594,-2208, 1400, -875,  520, -283,  132,  -44, -177,   -5,
   -3, -158,  -89,  185, -349,  601, -967, 1497,-2295, 3630,-6481,19123,22310,-6662, 3582,-2195, 1388, -865,  512, -277,  127,  -40, -179,   -6,
   -3, -156,  -93,  189, -354,  606, -972, 1501,-2297, 3624,-6451,18869,22544,-6659, 3568,-2182, 1376, -854,  504, -270,  122,  -36, -180,   -6,
   -3, -154,  -96,  192, -358,  611, -977, 1505,-2297, 3617,-6419,18613,22776,-6654, 3554,-2167, 1363, -844,  495, -263,  117,  -32, -182,   -6,
   -2, -153, -100,  196, -363,  616, -982, 1509,-2297, 3609,-6385,18356,23006,-6646, 3538,-2151, 1350, -832,  486, -257,  112,  -28, -183,   -6,
   -2, -151, -103,  200, -367,  620, -986, 1511,-2296, 3599,-6349,18099,23234,-6636, 3520,-2135, 1336, -821,  477, -250,  107,  -24, -185,   -7,
   -2, -149, -107,  203, -371,  624, -990, 1513,-2295, 3589,-6311,17840,23460,-6623, 3501,-2118, 1321, -809,  468, -243,  102,  -20, -186,   -7,
   -2, -148, -110,  207, -374,  628, -993, 1515,-2292, 3577,-6272,17581,23684,-6608, 3481,-2100, 1306, -797,  458, -235,   97,  -16, -188,   -7,
   -2, -146, -113,  210, -378,  632, -996, 1516,-2289, 3563,-6230,17320,23906,-6590, 3459,-2081, 1290, -784,  448, -228,   92,  -12, -189,   -8,
   -2, -144, -117,  213, -382,  635, -999, 1516,-2284, 3549,-6186,17059,24125,-6569, 3436,-2061, 1274, -771,  438, -221,   86,   -8, -191,   -8,
   -2, -143, -120,  217, -385,  639,-1001, 1516,-2279, 3533,-6140,16797,24343,-6546, 3411,-2040, 1257, -758,  428, -213,   81,   -4, -192,   -8,
   -1, -141, -123,  220, -388,  642,-1003, 1516,-2273, 3516,-6092,16535,24558,-6520, 3385,-2018, 1240, -744,  418, -205,   75,    0, -194,   -8,
   -1, -139, -127,  223, -391,  644,-1004, 1514,-2267, 3498,-6043,16272,24771,-6491, 3357,-1996, 1222, -730,  407, -198,   70,    4, -195,   -9,
   -1, -138, -130,  226, -394,  647,-1005, 1513,-2259, 3479,-5992,16008,24982,-6460, 3329,-1973, 1203, -716,  396, -190,   64,    8, -197,   -9,
   -1, -136, -133,  228, -397,  649,-1006, 1510,-2251, 3458,-5939,15744,25190,-6426, 3298,-1949, 1184, -701,  386, -182,   58,   12, -198,  -10,
   -1, -134, -136,  231, -400,  651,-1006, 1507,-2242, 3436,-5884,15480,25396,-6389, 3267,-1924, 1165, -687,  374, -174,   53,   17, -200,  -10,
   -1, -133, -139,  234, -402,  653,-1007, 1504,-2232, 3414,-5827,15215,25599,-6350, 3233,-1898, 1145, -671,  363, -165,   47,   21, -201,  -10,
   -1, -131, -142,  236, -404,  654,-1006, 1500,-2222, 3390,-5769,14950,25800,-6307, 3199,-1871, 1124, -656,  351, -157,   41,   25, -203,  -11,
   -1, -130, -145,  239, -407,  656,-1006, 1496,-2210, 3365,-5710,14684,25998,-6262, 3163,-1844, 1103, -640,  340, -149,   35,   29, -204,  -11,
   -1, -128, -148,  241, -409,  657,-1004, 1491,-2198, 3339,-5648,14419,26194,-6215, 3126,-1815, 1082, -624,  328, -140,   30,   33, -205,  -11,
   -1, -126, -151,  243, -411,  658,-1003, 1485,-2186, 3312,-5585,14153,26387,-6164, 3087,-1786, 1060, -607,  316, -132,   24,   37, -207,  -12,
    0, -125, -154,  246, -412,  658,-1001, 1479,-2172, 3283,-5521,13887,26577,-6111, 3047,-1756, 1037, -590,  303, -123,   18,   41, -208,  -12,
    0, -123, -157,  248, -414,  658, -999, 1473,-2158, 3254,-5455,13621,26764,-6055, 3005,-1725, 1014, -573,  291, -114,   12,   46, -209,  -13,
    0, -121, -159,  250, -415,  659, -997, 1466,-2143, 3224,-5387,13355,26949,-5996, 2962,-1694,  991, -556,  278, -105,    6,   50, -211,  -13,
    0, -120, -162,  252, -416,  658, -994, 1458,-2127, 3193,-5318,13089,27131,-5934, 2918,-1661,  967, -538,  265,  -96,    0,   54, -212,  -14,
    0, -118, -165,  253, -417,  658, -991, 1450,-2111, 3160,-5248,12823,27310,-5870, 2872,-1628,  942, -520,  252,  -87,   -7,   58, -213,  -14,
    0, -117, -167,  255, -418,  657, -987, 1442,-2094, 3127,-5177,12557,27486,-5802, 2825,-1594,  917, -502,  239,  -78,  -13,   62, -214,  -14,
    0, -115, -170,  257, -419,  657, -984, 1433,-2076, 3093,-5104,12292,27659,-5732, 2777,-1560,  892, -483,  226,  -69,  -19,   66, -216,  -15,
    0, -113, -173,  258, -420,  655, -979, 1424,-2057, 3058,-5029,12027,27829,-5659, 2727,-1524,  866, -464,  213,  -60,  -25,   70, -217,  -15,
    0, -112, -175,  260, -420,  654, -975, 1414,-2038, 3022,-4954,11762,27996,-5583, 2676,-1488,  840, -445,  199,  -50,  -31,   74, -218,  -16,
    0, -110, -178,  261, -421,  653, -970, 1403,-2019, 2985,-4877,11497,28160,-5504, 2624,-1451,  813, -426,  185,  -41,  -37,   79, -219,  -16,
    0, -109, -180,  262, -421,  651, -965, 1392,-1998, 2947,-4799,11233,28321,-5422, 2570,-1413,  786, -406,  171,  -31,  -44,   83, -220,  -17,
    0, -107, -182,  263, -421,  649, -959, 1381,-1977, 2909,-4720,10969,28479,-5338, 2515,-1375,  758, -386,  158,  -22,  -50,   87, -221,  -17,
    0, -106, -185,  264, -421,  647, -954, 1370,-1956, 2869,-4640,10706,28634,-5250, 2459,-1336,  730, -366,  143,  -12,  -56,   91, -222,  -18,
    0, -104, -187,  265, -421,  644, -948, 1357,-1934, 2829,-4559,10443,28785,-5160, 2402,-1296,  702, -346,  129,   -3,  -63,   95, -223,  -19,
    0, -103, -189,  266, -420,  642, -941, 1345,-1911, 2788,-4477,10181,28933,-5067, 2343,-1255,  673, -326,  115,    7,  -69,   99, -225,  -19,
    0, -101, -191,  267, -420,  639, -934, 1332,-1887, 2746,-4394, 9920,29078,-4970, 2283,-1214,  643, -305,  100,   17,  -75,  103, -226,  -20,
    0, -100, -194,  268, -419,  636, -927, 1318,-1863, 2703,-4309, 9659,29220,-4871, 2221,-1172,  614, -284,   86,   27,  -82,  107, -226,  -20,
    0,  -98, -196,  268, -418,  633, -920, 1304,-1839, 2660,-4224, 9399,29358,-4770, 2159,-1130,  584, -263,   71,   36,  -88,  111, -227,  -21,
    0,  -97, -198,  269, -417,  629, -913, 1290,-1814, 2616,-4138, 9140,29493,-4665, 2095,-1087,  554, -241,   56,   46,  -94,  115, -228,  -21,
    0,  -95, -200,  269, -416,  626, -905, 1276,-1788, 2571,-4051, 8882,29625,-4557, 2030,-1043,  523, -220,   41,   56, -101,  119, -229,  -22,
    0,  -94, -202,  270, -415,  622, -896, 1261,-1762, 2525,-3964, 8625,29753,-4447, 1964, -998,  492, -198,   26,   66, -107,  123, -230,  -23,
    0,  -92, -204,  270, -414,  618, -888, 1245,-1736, 2479,-3875, 8369,29877,-4334, 1897, -953,  460, -176,   11,   76, -113,  127, -231,  -23,
    0,  -91, -205,  270, -412,  613, -879, 1229,-1708, 2432,-3786, 8113,29999,-4217, 1828, -908,  429, -154,   -4,   86, -120,  130, -232,  -24,
    0,  -89, -207,  270, -410,  609, -870, 1213,-1681, 2385,-3696, 7859,30116,-4098, 1758, -861,  397, -132,  -19,   96, -126,  134, -233,  -25,
    1,  -88, -209,  270, -409,  604, -861, 1197,-1653, 2337,-3606, 7606,30230,-3977, 1688, -815,  364, -109,  -34,  106, -132,  138, -233,  -25,
    1,  -86, -211,  270, -407,  599, -851, 1180,-1624, 2288,-3515, 7354,30341,-3852, 1616, -767,  332,  -87,  -50,  116, -139,  142, -234,  -26,
    1,  -85, -212,  270, -405,  594, -842, 1163,-1595, 2239,-3423, 7103,30448,-3724, 1543, -719,  299,  -64,  -65,  126, -145,  146, -235,  -27,
    1,  -84, -214,  269, -402,  589, -832, 1145,-1566, 2189,-3331, 6854,30552,-3594, 1469, -671,  266,  -41,  -80,  137, -151,  149, -235,  -27,
    1,  -82, -216,  269, -400,  584, -821, 1127,-1536, 2139,-3238, 6605,30651,-3461, 1394, -622,  232,  -18,  -96,  147, -157,  153, -236,  -28,
    1,  -81, -217,  268, -398,  578, -811, 1109,-1506, 2088,-3144, 6359,30747,-3325, 1318, -573,  199,    5, -112,  157, -164,  157, -237,  -29,
    1,  -80, -218,  268, -395,  572, -800, 1090,-1475, 2037,-3051, 6113,30840,-3186, 1241, -523,  165,   28, -127,  167, -170,  160, -237,  -30,
    1,  -78, -220,  267, -393,  567, -789, 1072,-1444, 1985,-2957, 5869,30929,-3044, 1163, -472,  130,   52, -143,  177, -176,  164, -238,  -30,
    1,  -77, -221,  267, -390,  560, -778, 1052,-1413, 1933,-2862, 5626,31014,-2900, 1084, -421,   96,   75, -158,  187, -182,  167, -238,  -31,
    1,  -75, -223,  266, -387,  554, -766, 1033,-1381, 1880,-2767, 5385,31095,-2753, 1004, -370,   62,   98, -174,  197, -188,  171, -239,  -32,
    1,  -74, -224,  265, -384,  548, -755, 1013,-1349, 1827,-2672, 5146,31173,-2603,  923, -318,   27,  122, -190,  207, -194,  174, -239,  -33,
    1,  -73, -225,  264, -381,  541, -743,  993,-1316, 1774,-2576, 4908,31246,-2451,  841, -266,   -8,  146, -206,  217, -200,  178, -239,  -34,
    1,  -72, -226,  263, -377,  535, -731,  973,-1283, 1721,-2481, 4671,31316,-2295,  758, -214,  -43,  169, -221,  227, -207,  181, -240,  -34,
    1,  -70, -227,  262, -374,  528, -718,  953,-1250, 1667,-2385, 4437,31383,-2137,  675, -161,  -79,  193, -237,  237, -213,  184, -240,  -35,
    1,  -69, -229,  260, -371,  521, -706,  932,-1217, 1612,-2289, 4204,31445,-1977,  590, -108, -114,  217, -253,  247, -218,  188, -240,  -36,
    1,  -68, -230,  259, -367,  513, -693,  911,-1183, 1558,-2193, 3972,31504,-1813,  505,  -54, -150,  241, -268,  257, -224,  191, -241,  -37,
    1,  -67, -231,  258, -363,  506, -680,  890,-1150, 1503,-2096, 3743,31558,-1648,  419,   -1, -185,  265, -284,  267, -230,  194, -241,  -38,
    1,  -65, -232,  256, -359,  499, -667,  868,-1115, 1448,-2000, 3515,31609,-1479,  332,   54, -221,  289, -300,  277, -236,  197, -241,  -39,
    1,  -64, -232,  255, -356,  491, -654,  847,-1081, 1393,-1904, 3290,31656,-1308,  245,  108, -257,  313, -315,  287, -242,  200, -241,  -40,
    1,  -63, -233,  253, -352,  483, -641,  825,-1046, 1337,-1807, 3066,31699,-1134,  157,  163, -293,  337, -331,  296, -248,  203, -241,  -41,
    1,  -62, -234,  251, -347,  475, -627,  803,-1012, 1281,-1711, 2844,31738, -958,   68,  218, -329,  361, -347,  306, -253,  206, -241,  -42,
    1,  -61, -235,  250, -343,  467, -613,  781, -977, 1226,-1615, 2624,31774, -779,  -21,  273, -366,  385, -362,  316, -259,  209, -241,  -42,
    1,  -59, -236,  248, -339,  459, -600,  758, -942, 1170,-1519, 2406,31805, -598, -112,  328, -402,  408, -378,  325, -264,  212, -241,  -43,
    1,  -58, -236,  246, -335,  451, -586,  736, -906, 1114,-1423, 2191,31833, -414, -202,  384, -438,  432, -393,  335, -270,  215, -241,  -44,
    1,  -57, -237,  244, -330,  443, -571,  713, -871, 1057,-1327, 1977,31856, -227, -294,  439, -474,  456, -408,  344, -275,  218, -241,  -45,
    0,  -56, -238,  242, -325,  434, -557,  690, -835, 1001,-1231, 1765,31876,  -39, -385,  495, -510,  480, -424,  354, -281,  220, -241,  -46,
    0,  -55, -238,  240, -321,  426, -543,  668, -799,  945,-1136, 1556,31892,  152, -478,  551, -547,  504, -439,  363, -286,  223, -241,  -47,
    0,  -54, -239,  238, -316,  417, -528,  644, -763,  889,-1041, 1349,31903,  346, -571,  607, -583,  527, -454,  372, -291,  226, -240,  -48,
    0,  -53, -239,  235, -311,  408, -514,  621, -728,  832, -946, 1143,31911,  542, -664,  663, -619,  551, -469,  381, -296,  228, -240,  -49,
    9,  -52, -239,  233, -306,  399, -499,  598, -691,  776, -852,  941,31915,  740, -758,  720, -655,  574, -484,  390, -301,  231, -240,  -50,
