// single phase coef Number:=56,    upsample factor:=160,     downsample factor:=441
    -6,  -17,  -23,   -7,   48,  128,  174,  124,  -29, -187, -201,   -3,  281,  383,  121, -367, -648, -343,  449, 1070,  778, -515,-1875,-1825,  553, 4707, 8693,10343, 8713, 4735,  575,-1818,-1881, -525,  772, 1072,  455, -339, -648, -370,  119,  383,  283,   -1, -200, -188,  -30,  123,  174,  128,   49,   -7,  -23,  -17,   -6,  -27,
   -6,  -17,  -23,   -7,   48,  127,  174,  125,  -28, -186, -201,   -4,  280,  383,  124, -364, -648, -347,  444, 1069,  783, -505,-1870,-1833,  532, 4679, 8674,10343, 8732, 4763,  597,-1811,-1886, -534,  767, 1074,  460, -335, -648, -373,  116,  382,  284,    1, -200, -188,  -31,  123,  174,  128,   49,   -6,  -23,  -17,   -6,   -1,
   -6,  -17,  -23,   -7,   48,  127,  174,  125,  -27, -186, -202,   -6,  278,  384,  127, -361, -648, -351,  439, 1067,  788, -496,-1864,-1840,  510, 4651, 8654,10343, 8751, 4791,  619,-1803,-1892, -544,  761, 1075,  465, -331, -649, -376,  113,  382,  286,    3, -199, -189,  -32,  122,  174,  129,   50,   -6,  -23,  -17,   -6,   -1,
   -6,  -17,  -23,   -8,   47,  126,  174,  126,  -25, -185, -203,   -8,  277,  384,  129, -358, -648, -354,  434, 1065,  794, -486,-1858,-1847,  488, 4624, 8634,10342, 8770, 4819,  641,-1796,-1897, -554,  756, 1077,  471, -327, -649, -379,  110,  381,  287,    4, -198, -190,  -33,  121,  174,  129,   50,   -6,  -23,  -17,   -6,   -1,
   -6,  -16,  -23,   -8,   47,  126,  174,  127,  -24, -184, -203,  -10,  275,  385,  132, -355, -647, -358,  428, 1064,  799, -476,-1852,-1854,  466, 4596, 8614,10342, 8789, 4847,  664,-1788,-1903, -564,  750, 1078,  476, -323, -649, -381,  108,  381,  289,    6, -198, -190,  -34,  120,  174,  130,   51,   -6,  -23,  -17,   -7,   -1,
   -6,  -16,  -23,   -8,   46,  125,  174,  127,  -23, -184, -204,  -11,  274,  385,  135, -352, -647, -362,  423, 1062,  804, -466,-1847,-1861,  445, 4568, 8595,10341, 8808, 4875,  686,-1780,-1908, -573,  745, 1079,  481, -319, -649, -384,  105,  380,  290,    8, -197, -191,  -36,  120,  174,  130,   51,   -6,  -23,  -17,   -7,   -1,
   -6,  -16,  -23,   -8,   46,  125,  174,  128,  -22, -183, -204,  -13,  272,  385,  137, -349, -647, -366,  418, 1060,  809, -457,-1841,-1867,  424, 4540, 8575,10340, 8827, 4902,  708,-1772,-1913, -583,  739, 1081,  486, -315, -649, -387,  102,  380,  292,   10, -196, -192,  -37,  119,  174,  131,   52,   -5,  -23,  -17,   -7,   -1,
   -6,  -16,  -23,   -8,   45,  124,  174,  129,  -21, -182, -205,  -15,  271,  386,  140, -346, -647, -369,  412, 1058,  814, -447,-1835,-1874,  402, 4512, 8554,10339, 8846, 4930,  731,-1764,-1918, -593,  733, 1082,  492, -311, -649, -390,   99,  379,  293,   11, -196, -192,  -38,  118,  174,  131,   52,   -5,  -23,  -17,   -7,   -1,
   -6,  -16,  -23,   -9,   45,  124,  174,  129,  -20, -181, -205,  -16,  269,  386,  142, -343, -646, -373,  407, 1056,  820, -437,-1829,-1881,  381, 4484, 8534,10338, 8865, 4958,  753,-1756,-1923, -603,  727, 1083,  497, -307, -648, -393,   97,  378,  295,   13, -195, -193,  -39,  118,  174,  132,   53,   -5,  -23,  -17,   -7,   -1,
   -6,  -16,  -23,   -9,   44,  123,  174,  130,  -19, -181, -206,  -18,  268,  386,  145, -340, -646, -377,  402, 1055,  825, -428,-1823,-1887,  360, 4456, 8514,10337, 8883, 4986,  776,-1748,-1928, -613,  722, 1085,  502, -303, -648, -396,   94,  378,  296,   15, -194, -194,  -40,  117,  174,  132,   53,   -5,  -23,  -17,   -7,   -1,
   -6,  -16,  -23,   -9,   44,  123,  174,  130,  -18, -180, -206,  -20,  266,  387,  148, -337, -646, -381,  396, 1053,  830, -418,-1817,-1894,  338, 4428, 8494,10336, 8902, 5014,  798,-1739,-1933, -622,  716, 1086,  507, -299, -648, -399,   91,  377,  298,   17, -194, -194,  -41,  116,  174,  133,   54,   -4,  -23,  -17,   -7,   -1,
   -6,  -16,  -23,   -9,   43,  122,  174,  131,  -17, -179, -207,  -22,  265,  387,  150, -334, -645, -384,  391, 1051,  835, -408,-1810,-1900,  317, 4400, 8473,10334, 8920, 5042,  821,-1731,-1938, -632,  710, 1087,  513, -295, -648, -401,   88,  377,  299,   19, -193, -195,  -42,  115,  174,  133,   54,   -4,  -23,  -18,   -7,   -1,
   -6,  -16,  -23,   -9,   43,  122,  173,  132,  -15, -178, -207,  -23,  263,  387,  153, -331, -645, -388,  385, 1049,  839, -399,-1804,-1906,  296, 4372, 8453,10332, 8938, 5069,  844,-1723,-1943, -642,  704, 1088,  518, -291, -648, -404,   86,  376,  300,   20, -192, -195,  -43,  115,  174,  133,   54,   -4,  -23,  -18,   -7,   -1,
   -6,  -16,  -23,  -10,   43,  121,  173,  132,  -14, -178, -208,  -25,  261,  388,  155, -328, -644, -391,  380, 1046,  844, -389,-1798,-1912,  276, 4344, 8432,10331, 8957, 5097,  867,-1714,-1948, -652,  698, 1089,  523, -287, -648, -407,   83,  375,  302,   22, -192, -196,  -45,  114,  174,  134,   55,   -4,  -23,  -18,   -7,   -1,
   -6,  -16,  -23,  -10,   42,  121,  173,  133,  -13, -177, -208,  -27,  260,  388,  158, -325, -644, -395,  375, 1044,  849, -379,-1791,-1918,  255, 4316, 8411,10329, 8975, 5125,  889,-1705,-1953, -661,  692, 1090,  528, -283, -648, -410,   80,  375,  303,   24, -191, -197,  -46,  113,  174,  134,   55,   -3,  -23,  -18,   -7,   -1,
   -6,  -16,  -23,  -10,   42,  120,  173,  134,  -12, -176, -209,  -28,  258,  388,  160, -322, -643, -399,  369, 1042,  854, -370,-1785,-1924,  234, 4288, 8390,10327, 8993, 5153,  912,-1697,-1957, -671,  686, 1091,  533, -278, -647, -413,   77,  374,  304,   26, -190, -197,  -47,  112,  174,  135,   56,   -3,  -23,  -18,   -7,   -1,
   -5,  -16,  -23,  -10,   41,  120,  173,  134,  -11, -175, -209,  -30,  257,  388,  163, -319, -643, -402,  364, 1040,  859, -360,-1779,-1930,  213, 4261, 8369,10325, 9010, 5180,  935,-1688,-1962, -681,  680, 1092,  538, -274, -647, -415,   74,  373,  306,   28, -189, -198,  -48,  112,  174,  135,   56,   -3,  -23,  -18,   -7,   -1,
   -5,  -16,  -23,  -10,   41,  119,  173,  135,  -10, -175, -210,  -32,  255,  388,  165, -316, -642, -406,  359, 1038,  863, -350,-1772,-1936,  193, 4233, 8348,10322, 9028, 5208,  959,-1679,-1966, -691,  674, 1093,  544, -270, -647, -418,   71,  373,  307,   29, -189, -198,  -49,  111,  174,  136,   57,   -3,  -23,  -18,   -7,   -1,
   -5,  -15,  -23,  -11,   40,  119,  173,  135,   -9, -174, -210,  -33,  253,  389,  168, -313, -642, -409,  353, 1036,  868, -341,-1766,-1941,  172, 4205, 8327,10320, 9046, 5236,  982,-1670,-1971, -700,  668, 1094,  549, -266, -646, -421,   69,  372,  309,   31, -188, -199,  -50,  110,  174,  136,   57,   -2,  -23,  -18,   -7,   -1,
   -5,  -15,  -23,  -11,   40,  118,  173,  136,   -8, -173, -211,  -35,  252,  389,  170, -310, -641, -412,  348, 1033,  872, -331,-1759,-1947,  152, 4177, 8306,10317, 9063, 5263, 1005,-1660,-1975, -710,  661, 1095,  554, -262, -646, -424,   66,  371,  310,   33, -187, -200,  -51,  109,  174,  137,   58,   -2,  -23,  -18,   -7,   -1,
   -5,  -15,  -23,  -11,   39,  118,  173,  137,   -7, -172, -211,  -37,  250,  389,  173, -307, -641, -416,  343, 1031,  877, -322,-1752,-1952,  131, 4149, 8285,10315, 9081, 5291, 1028,-1651,-1980, -720,  655, 1096,  559, -257, -646, -426,   63,  370,  311,   35, -186, -200,  -52,  109,  174,  137,   58,   -2,  -23,  -18,   -7,   -1,
   -5,  -15,  -23,  -11,   39,  117,  173,  137,   -5, -171, -211,  -38,  248,  389,  175, -304, -640, -419,  337, 1029,  882, -312,-1746,-1957,  111, 4121, 8263,10312, 9098, 5319, 1052,-1642,-1984, -730,  649, 1096,  564, -253, -645, -429,   60,  369,  313,   37, -186, -201,  -54,  108,  174,  137,   59,   -2,  -23,  -18,   -7,   -1,
   -5,  -15,  -23,  -11,   39,  117,  172,  138,   -4, -171, -212,  -40,  247,  389,  178, -301, -639, -423,  332, 1026,  886, -303,-1739,-1963,   91, 4093, 8242,10309, 9115, 5346, 1075,-1632,-1988, -739,  643, 1097,  569, -249, -645, -432,   57,  369,  314,   38, -185, -201,  -55,  107,  174,  138,   59,   -1,  -23,  -18,   -8,   -1,
   -5,  -15,  -23,  -11,   38,  116,  172,  138,   -3, -170, -212,  -42,  245,  389,  180, -298, -639, -426,  326, 1024,  890, -293,-1732,-1968,   71, 4065, 8221,10306, 9133, 5374, 1099,-1623,-1992, -749,  636, 1098,  574, -244, -644, -434,   54,  368,  315,   40, -184, -202,  -56,  106,  174,  138,   60,   -1,  -23,  -18,   -8,   -1,
   -5,  -15,  -23,  -12,   38,  116,  172,  139,   -2, -169, -213,  -43,  244,  389,  183, -295, -638, -429,  321, 1021,  895, -283,-1725,-1973,   51, 4037, 8199,10303, 9150, 5401, 1122,-1613,-1996, -759,  630, 1098,  579, -240, -644, -437,   51,  367,  316,   42, -183, -202,  -57,  106,  174,  139,   60,   -1,  -23,  -18,   -8,   -1,
   -5,  -15,  -23,  -12,   37,  115,  172,  140,   -1, -168, -213,  -45,  242,  389,  185, -291, -637, -433,  316, 1019,  899, -274,-1718,-1978,   31, 4010, 8177,10299, 9166, 5429, 1146,-1603,-2001, -769,  623, 1099,  584, -236, -643, -440,   48,  366,  318,   44, -182, -203,  -58,  105,  174,  139,   61,   -1,  -23,  -18,   -8,   -1,
   -5,  -15,  -23,  -12,   37,  115,  172,  140,    0, -167, -213,  -47,  240,  390,  187, -288, -636, -436,  310, 1016,  903, -264,-1712,-1983,   11, 3982, 8155,10296, 9183, 5457, 1170,-1593,-2004, -778,  617, 1099,  589, -231, -643, -442,   45,  365,  319,   46, -181, -203,  -59,  104,  174,  140,   61,    0,  -23,  -19,   -8,   -1,
   -5,  -15,  -23,  -12,   36,  114,  172,  141,    1, -167, -214,  -48,  239,  390,  190, -285, -636, -439,  305, 1014,  908, -255,-1705,-1987,   -9, 3954, 8134,10292, 9200, 5484, 1193,-1583,-2008, -788,  610, 1100,  595, -227, -642, -445,   43,  365,  320,   48, -181, -204,  -60,  103,  174,  140,   62,    0,  -23,  -19,   -8,   -1,
   -5,  -15,  -23,  -12,   36,  114,  172,  141,    2, -166, -214,  -50,  237,  390,  192, -282, -635, -443,  299, 1011,  912, -245,-1698,-1992,  -28, 3926, 8112,10288, 9217, 5512, 1217,-1573,-2012, -798,  604, 1100,  600, -222, -642, -448,   40,  364,  322,   49, -180, -204,  -61,  102,  174,  140,   62,    0,  -23,  -19,   -8,   -1,
   -5,  -15,  -23,  -13,   36,  113,  171,  142,    3, -165, -214,  -51,  235,  390,  195, -279, -634, -446,  294, 1009,  916, -236,-1690,-1997,  -48, 3898, 8090,10284, 9233, 5539, 1241,-1563,-2016, -808,  597, 1101,  605, -218, -641, -450,   37,  363,  323,   51, -179, -205,  -63,  102,  174,  141,   63,    0,  -23,  -19,   -8,   -2,
   -5,  -15,  -23,  -13,   35,  113,  171,  142,    4, -164, -215,  -53,  234,  390,  197, -276, -633, -449,  289, 1006,  920, -227,-1683,-2001,  -68, 3870, 8067,10280, 9249, 5567, 1265,-1553,-2020, -817,  590, 1101,  610, -213, -641, -453,   34,  362,  324,   53, -178, -205,  -64,  101,  173,  141,   63,    1,  -23,  -19,   -8,   -2,
   -5,  -15,  -23,  -13,   35,  113,  171,  143,    6, -163, -215,  -55,  232,  390,  199, -273, -632, -452,  283, 1003,  924, -217,-1676,-2006,  -87, 3843, 8045,10276, 9266, 5594, 1289,-1543,-2023, -827,  584, 1102,  615, -209, -640, -456,   31,  361,  325,   55, -177, -206,  -65,  100,  173,  142,   64,    1,  -23,  -19,   -8,   -2,
   -5,  -14,  -23,  -13,   34,  112,  171,  143,    7, -162, -215,  -56,  230,  390,  202, -270, -631, -455,  278, 1001,  928, -208,-1669,-2010, -106, 3815, 8023,10272, 9282, 5621, 1313,-1532,-2027, -837,  577, 1102,  620, -204, -639, -458,   28,  360,  326,   57, -176, -206,  -66,   99,  173,  142,   64,    1,  -23,  -19,   -8,   -2,
   -5,  -14,  -23,  -13,   34,  112,  171,  144,    8, -162, -216,  -58,  228,  390,  204, -267, -630, -458,  272,  998,  932, -198,-1662,-2014, -126, 3787, 8001,10267, 9298, 5649, 1337,-1522,-2030, -846,  570, 1102,  625, -200, -638, -461,   25,  359,  328,   59, -175, -207,  -67,   98,  173,  143,   65,    2,  -23,  -19,   -8,   -2,
   -5,  -14,  -23,  -13,   34,  111,  171,  144,    9, -161, -216,  -59,  227,  389,  206, -263, -630, -462,  267,  995,  936, -189,-1654,-2018, -145, 3759, 7978,10263, 9314, 5676, 1362,-1511,-2034, -856,  563, 1102,  629, -195, -638, -463,   22,  358,  329,   60, -175, -207,  -68,   97,  173,  143,   65,    2,  -23,  -19,   -8,   -2,
   -5,  -14,  -23,  -14,   33,  111,  170,  145,   10, -160, -216,  -61,  225,  389,  208, -260, -629, -465,  262,  992,  940, -180,-1647,-2022, -164, 3731, 7956,10258, 9330, 5703, 1386,-1500,-2037, -866,  557, 1103,  634, -191, -637, -466,   19,  357,  330,   62, -174, -208,  -69,   97,  173,  143,   66,    2,  -23,  -19,   -8,   -2,
   -5,  -14,  -23,  -14,   33,  110,  170,  145,   11, -159, -216,  -63,  223,  389,  211, -257, -628, -468,  256,  989,  944, -170,-1640,-2026, -183, 3704, 7933,10253, 9345, 5731, 1410,-1489,-2040, -875,  550, 1103,  639, -186, -636, -468,   16,  356,  331,   64, -173, -208,  -70,   96,  173,  144,   66,    2,  -23,  -19,   -8,   -2,
   -5,  -14,  -23,  -14,   32,  110,  170,  146,   12, -158, -217,  -64,  222,  389,  213, -254, -627, -471,  251,  986,  947, -161,-1632,-2030, -202, 3676, 7910,10248, 9361, 5758, 1434,-1479,-2044, -885,  543, 1103,  644, -182, -635, -471,   13,  355,  332,   66, -172, -208,  -71,   95,  173,  144,   67,    3,  -22,  -19,   -8,   -2,
   -4,  -14,  -23,  -14,   32,  109,  170,  147,   13, -157, -217,  -66,  220,  389,  215, -251, -626, -474,  246,  984,  951, -151,-1625,-2034, -221, 3648, 7888,10243, 9376, 5785, 1459,-1468,-2047, -895,  536, 1103,  649, -177, -635, -474,   10,  354,  334,   68, -171, -209,  -73,   94,  173,  145,   67,    3,  -22,  -19,   -8,   -2,
   -4,  -14,  -23,  -14,   31,  109,  170,  147,   14, -156, -217,  -67,  218,  389,  218, -248, -625, -477,  240,  981,  955, -142,-1617,-2037, -240, 3621, 7865,10238, 9392, 5812, 1483,-1456,-2050, -904,  529, 1103,  654, -173, -634, -476,    7,  353,  335,   70, -170, -209,  -74,   93,  172,  145,   68,    3,  -22,  -19,   -9,   -2,
   -4,  -14,  -23,  -14,   31,  108,  170,  148,   15, -155, -217,  -69,  216,  389,  220, -245, -623, -480,  235,  978,  959, -133,-1610,-2041, -258, 3593, 7842,10233, 9407, 5840, 1508,-1445,-2053, -914,  522, 1103,  659, -168, -633, -479,    4,  352,  336,   72, -169, -210,  -75,   92,  172,  145,   68,    3,  -22,  -19,   -9,   -2,
   -4,  -14,  -23,  -15,   31,  107,  169,  148,   16, -155, -218,  -70,  215,  389,  222, -241, -622, -483,  229,  975,  962, -124,-1602,-2045, -277, 3565, 7819,10227, 9422, 5867, 1533,-1434,-2056, -924,  515, 1103,  664, -163, -632, -481,    1,  351,  337,   73, -168, -210,  -76,   92,  172,  146,   69,    4,  -22,  -20,   -9,   -2,
   -4,  -14,  -23,  -15,   30,  107,  169,  149,   17, -154, -218,  -72,  213,  389,  224, -238, -621, -486,  224,  972,  966, -114,-1595,-2048, -295, 3538, 7796,10222, 9437, 5894, 1557,-1422,-2059, -933,  508, 1103,  669, -159, -631, -483,   -2,  350,  338,   75, -167, -211,  -77,   91,  172,  146,   69,    4,  -22,  -20,   -9,   -2,
   -4,  -14,  -23,  -15,   30,  106,  169,  149,   19, -153, -218,  -73,  211,  388,  226, -235, -620, -488,  219,  968,  969, -105,-1587,-2051, -314, 3510, 7773,10216, 9452, 5921, 1582,-1411,-2061, -943,  501, 1102,  673, -154, -630, -486,   -5,  348,  339,   77, -166, -211,  -78,   90,  172,  147,   70,    4,  -22,  -20,   -9,   -2,
   -4,  -14,  -23,  -15,   29,  106,  169,  149,   20, -152, -218,  -75,  209,  388,  229, -232, -619, -491,  213,  965,  973,  -96,-1579,-2054, -332, 3483, 7750,10210, 9467, 5948, 1607,-1399,-2064, -952,  493, 1102,  678, -149, -629, -488,   -8,  347,  340,   79, -165, -211,  -79,   89,  172,  147,   70,    5,  -22,  -20,   -9,   -2,
   -4,  -14,  -23,  -15,   29,  105,  169,  150,   21, -151, -219,  -76,  208,  388,  231, -229, -618, -494,  208,  962,  976,  -87,-1571,-2058, -350, 3455, 7726,10204, 9482, 5975, 1632,-1388,-2067, -962,  486, 1102,  683, -145, -628, -491,  -11,  346,  341,   81, -164, -212,  -80,   88,  172,  147,   70,    5,  -22,  -20,   -9,   -2,
   -4,  -13,  -23,  -15,   29,  105,  168,  150,   22, -150, -219,  -78,  206,  388,  233, -226, -617, -497,  203,  959,  979,  -78,-1564,-2061, -368, 3427, 7703,10198, 9496, 6002, 1657,-1376,-2069, -972,  479, 1102,  688, -140, -627, -493,  -14,  345,  343,   83, -163, -212,  -81,   87,  171,  148,   71,    5,  -22,  -20,   -9,   -2,
   -4,  -13,  -23,  -15,   28,  104,  168,  151,   23, -149, -219,  -79,  204,  387,  235, -222, -615, -500,  197,  956,  983,  -68,-1556,-2064, -387, 3400, 7680,10191, 9511, 6029, 1682,-1364,-2072, -981,  472, 1101,  693, -135, -626, -496,  -17,  344,  344,   85, -162, -212,  -83,   86,  171,  148,   71,    6,  -22,  -20,   -9,   -2,
   -4,  -13,  -23,  -16,   28,  104,  168,  151,   24, -148, -219,  -81,  202,  387,  237, -219, -614, -502,  192,  953,  986,  -59,-1548,-2066, -405, 3372, 7656,10185, 9525, 6056, 1707,-1352,-2074, -991,  464, 1101,  697, -130, -625, -498,  -20,  343,  345,   86, -161, -213,  -84,   86,  171,  149,   72,    6,  -22,  -20,   -9,   -2,
   -4,  -13,  -23,  -16,   27,  103,  168,  152,   25, -147, -219,  -82,  201,  387,  239, -216, -613, -505,  186,  949,  989,  -50,-1540,-2069, -422, 3345, 7633,10179, 9539, 6083, 1732,-1340,-2077,-1000,  457, 1100,  702, -126, -624, -500,  -24,  341,  346,   88, -160, -213,  -85,   85,  171,  149,   72,    6,  -22,  -20,   -9,   -2,
   -4,  -13,  -23,  -16,   27,  103,  168,  152,   26, -146, -219,  -84,  199,  387,  241, -213, -612, -508,  181,  946,  992,  -41,-1532,-2072, -440, 3317, 7609,10172, 9554, 6110, 1757,-1328,-2079,-1010,  450, 1100,  707, -121, -622, -503,  -27,  340,  347,   90, -159, -213,  -86,   84,  171,  149,   73,    6,  -22,  -20,   -9,   -2,
   -4,  -13,  -23,  -16,   27,  102,  167,  153,   27, -145, -220,  -85,  197,  386,  243, -210, -610, -511,  176,  943,  996,  -32,-1524,-2074, -458, 3290, 7585,10165, 9568, 6136, 1782,-1315,-2081,-1019,  442, 1099,  711, -116, -621, -505,  -30,  339,  348,   92, -158, -214,  -87,   83,  171,  150,   73,    7,  -22,  -20,   -9,   -2,
   -4,  -13,  -23,  -16,   26,  102,  167,  153,   28, -144, -220,  -87,  195,  386,  246, -207, -609, -513,  170,  939,  999,  -23,-1516,-2077, -476, 3263, 7562,10158, 9581, 6163, 1807,-1303,-2083,-1029,  435, 1099,  716, -111, -620, -507,  -33,  338,  349,   94, -157, -214,  -88,   82,  170,  150,   74,    7,  -22,  -20,   -9,   -2,
   -4,  -13,  -23,  -16,   26,  101,  167,  154,   29, -143, -220,  -88,  193,  386,  248, -203, -608, -516,  165,  936, 1002,  -14,-1508,-2079, -493, 3235, 7538,10151, 9595, 6190, 1832,-1290,-2085,-1038,  427, 1098,  721, -106, -619, -510,  -36,  336,  350,   96, -156, -214,  -89,   81,  170,  151,   74,    7,  -22,  -20,   -9,   -2,
   -4,  -13,  -23,  -16,   25,  101,  167,  154,   30, -143, -220,  -90,  192,  385,  250, -200, -606, -519,  160,  933, 1005,   -5,-1500,-2082, -511, 3208, 7514,10144, 9609, 6217, 1858,-1278,-2087,-1048,  420, 1098,  725, -102, -618, -512,  -39,  335,  351,   98, -155, -215,  -90,   80,  170,  151,   75,    8,  -21,  -20,   -9,   -2,
   -4,  -13,  -23,  -17,   25,  100,  166,  154,   31, -142, -220,  -91,  190,  385,  252, -197, -605, -521,  154,  929, 1008,    4,-1492,-2084, -528, 3180, 7490,10136, 9622, 6243, 1883,-1265,-2089,-1057,  412, 1097,  730,  -97, -616, -514,  -42,  334,  352,   99, -154, -215,  -91,   79,  170,  151,   76,    8,  -21,  -20,  -10,   -2,
   -4,  -13,  -23,  -17,   25,  100,  166,  155,   32, -141, -220,  -93,  188,  385,  254, -194, -604, -524,  149,  926, 1011,   13,-1484,-2086, -545, 3153, 7466,10129, 9636, 6270, 1909,-1252,-2091,-1066,  405, 1096,  735,  -92, -615, -516,  -45,  332,  353,  101, -153, -215,  -92,   78,  170,  152,   76,    8,  -21,  -20,  -10,   -2,
   -4,  -13,  -23,  -17,   24,   99,  166,  155,   33, -140, -220,  -94,  186,  384,  256, -191, -602, -526,  144,  922, 1014,   22,-1475,-2088, -562, 3126, 7442,10121, 9649, 6296, 1934,-1240,-2093,-1076,  397, 1095,  739,  -87, -614, -519,  -48,  331,  354,  103, -151, -216,  -93,   77,  169,  152,   77,    9,  -21,  -20,  -10,   -2,
   -4,  -13,  -23,  -17,   24,   99,  166,  156,   34, -139, -220,  -96,  184,  384,  258, -187, -601, -529,  139,  919, 1016,   31,-1467,-2090, -579, 3099, 7417,10114, 9662, 6323, 1960,-1227,-2094,-1085,  389, 1095,  744,  -82, -612, -521,  -51,  330,  355,  105, -150, -216,  -94,   77,  169,  152,   77,    9,  -21,  -21,  -10,   -2,
   -4,  -13,  -22,  -17,   24,   98,  165,  156,   35, -138, -220,  -97,  183,  383,  260, -184, -599, -531,  133,  915, 1019,   40,-1459,-2092, -596, 3071, 7393,10106, 9675, 6350, 1985,-1214,-2096,-1095,  382, 1094,  748,  -77, -611, -523,  -54,  328,  356,  107, -149, -216,  -96,   76,  169,  153,   78,    9,  -21,  -21,  -10,   -2,
   -4,  -12,  -22,  -17,   23,   98,  165,  157,   36, -137, -220,  -98,  181,  383,  262, -181, -598, -534,  128,  912, 1022,   49,-1450,-2094, -613, 3044, 7369,10098, 9688, 6376, 2011,-1200,-2097,-1104,  374, 1093,  753,  -72, -609, -525,  -58,  327,  356,  109, -148, -216,  -97,   75,  169,  153,   78,   10,  -21,  -21,  -10,   -2,
   -4,  -12,  -22,  -17,   23,   97,  165,  157,   38, -136, -221, -100,  179,  383,  264, -178, -596, -536,  123,  908, 1025,   58,-1442,-2095, -630, 3017, 7345,10090, 9701, 6402, 2037,-1187,-2099,-1113,  366, 1092,  757,  -67, -608, -528,  -61,  326,  357,  111, -147, -217,  -98,   74,  169,  153,   79,   10,  -21,  -21,  -10,   -2,
   -4,  -12,  -22,  -17,   22,   97,  165,  157,   39, -135, -221, -101,  177,  382,  266, -175, -595, -539,  117,  904, 1027,   66,-1434,-2097, -647, 2990, 7320,10082, 9714, 6429, 2062,-1174,-2100,-1123,  358, 1091,  762,  -62, -607, -530,  -64,  324,  358,  113, -146, -217,  -99,   73,  168,  154,   79,   10,  -21,  -21,  -10,   -2,
   -3,  -12,  -22,  -18,   22,   96,  164,  158,   40, -134, -221, -103,  175,  382,  267, -172, -593, -541,  112,  901, 1030,   75,-1425,-2098, -664, 2963, 7296,10073, 9727, 6455, 2088,-1160,-2102,-1132,  350, 1090,  766,  -57, -605, -532,  -67,  323,  359,  114, -145, -217, -100,   72,  168,  154,   80,   10,  -21,  -21,  -10,   -2,
   -3,  -12,  -22,  -18,   22,   96,  164,  158,   41, -133, -221, -104,  174,  381,  269, -168, -592, -543,  107,  897, 1032,   84,-1417,-2100, -680, 2936, 7271,10065, 9739, 6481, 2114,-1147,-2103,-1141,  343, 1089,  771,  -52, -604, -534,  -70,  321,  360,  116, -144, -217, -101,   71,  168,  155,   80,   11,  -21,  -21,  -10,   -2,
   -3,  -12,  -22,  -18,   21,   95,  164,  159,   42, -132, -221, -105,  172,  381,  271, -165, -590, -546,  101,  893, 1035,   93,-1408,-2101, -697, 2909, 7246,10056, 9751, 6508, 2140,-1133,-2104,-1150,  335, 1088,  775,  -47, -602, -536,  -73,  320,  361,  118, -142, -218, -102,   70,  168,  155,   81,   11,  -21,  -21,  -10,   -2,
   -3,  -12,  -22,  -18,   21,   95,  164,  159,   43, -131, -221, -107,  170,  380,  273, -162, -588, -548,   96,  890, 1037,  101,-1400,-2102, -713, 2882, 7222,10047, 9764, 6534, 2166,-1119,-2105,-1160,  327, 1086,  779,  -43, -600, -538,  -76,  318,  362,  120, -141, -218, -103,   69,  167,  155,   81,   11,  -21,  -21,  -10,   -2,
   -3,  -12,  -22,  -18,   21,   94,  163,  159,   44, -130, -221, -108,  168,  380,  275, -159, -587, -550,   91,  886, 1040,  110,-1391,-2104, -729, 2855, 7197,10038, 9776, 6560, 2192,-1106,-2106,-1169,  319, 1085,  784,  -38, -599, -540,  -79,  317,  363,  122, -140, -218, -104,   68,  167,  156,   82,   12,  -21,  -21,  -10,   -2,
   -3,  -12,  -22,  -18,   20,   94,  163,  160,   45, -129, -221, -110,  166,  379,  277, -156, -585, -552,   86,  882, 1042,  119,-1383,-2105, -745, 2828, 7172,10029, 9788, 6586, 2218,-1092,-2107,-1178,  311, 1084,  788,  -32, -597, -542,  -83,  315,  363,  124, -139, -218, -105,   67,  167,  156,   82,   12,  -20,  -21,  -10,   -3,
   -3,  -12,  -22,  -18,   20,   93,  163,  160,   46, -128, -221, -111,  164,  379,  279, -152, -584, -555,   80,  878, 1044,  127,-1374,-2106, -761, 2801, 7147,10020, 9800, 6612, 2244,-1078,-2108,-1187,  303, 1083,  792,  -27, -596, -544,  -86,  314,  364,  126, -138, -218, -106,   66,  167,  156,   83,   12,  -20,  -21,  -10,   -3,
   -3,  -12,  -22,  -18,   19,   93,  162,  160,   47, -127, -221, -112,  163,  378,  280, -149, -582, -557,   75,  874, 1047,  136,-1366,-2107, -777, 2774, 7122,10011, 9811, 6638, 2270,-1064,-2108,-1196,  295, 1081,  797,  -22, -594, -546,  -89,  312,  365,  127, -136, -219, -107,   65,  166,  157,   83,   13,  -20,  -21,  -11,   -3,
   -3,  -12,  -22,  -18,   19,   92,  162,  161,   48, -126, -221, -114,  161,  377,  282, -146, -580, -559,   70,  871, 1049,  145,-1357,-2108, -793, 2747, 7097,10002, 9823, 6664, 2296,-1049,-2109,-1206,  287, 1080,  801,  -17, -592, -548,  -92,  311,  366,  129, -135, -219, -108,   64,  166,  157,   84,   13,  -20,  -21,  -11,   -3,
   -3,  -12,  -22,  -19,   19,   92,  162,  161,   49, -125, -221, -115,  159,  377,  284, -143, -578, -561,   65,  867, 1051,  153,-1348,-2108, -809, 2720, 7072, 9992, 9834, 6690, 2322,-1035,-2110,-1215,  279, 1078,  805,  -12, -590, -551,  -95,  309,  367,  131, -134, -219, -109,   63,  166,  157,   84,   13,  -20,  -21,  -11,   -3,
   -3,  -12,  -22,  -19,   18,   91,  162,  161,   50, -124, -221, -116,  157,  376,  286, -140, -577, -563,   60,  863, 1053,  162,-1340,-2109, -825, 2693, 7047, 9983, 9846, 6716, 2349,-1021,-2110,-1224,  270, 1077,  810,   -7, -589, -552,  -98,  308,  367,  133, -133, -219, -110,   62,  166,  158,   85,   14,  -20,  -21,  -11,   -3,
   -3,  -12,  -22,  -19,   18,   91,  161,  162,   51, -123, -220, -118,  155,  376,  288, -136, -575, -565,   54,  859, 1055,  170,-1331,-2110, -840, 2667, 7022, 9973, 9857, 6742, 2375,-1006,-2110,-1233,  262, 1075,  814,   -2, -587, -554, -102,  306,  368,  135, -132, -219, -112,   62,  165,  158,   85,   14,  -20,  -21,  -11,   -3,
   -3,  -11,  -22,  -19,   18,   90,  161,  162,   52, -122, -220, -119,  153,  375,  289, -133, -573, -568,   49,  855, 1057,  179,-1322,-2110, -856, 2640, 6997, 9963, 9868, 6767, 2401, -992,-2111,-1242,  254, 1074,  818,    3, -585, -556, -105,  305,  369,  137, -130, -219, -113,   61,  165,  158,   86,   14,  -20,  -21,  -11,   -3,
   -3,  -11,  -22,  -19,   17,   90,  161,  162,   53, -121, -220, -120,  152,  374,  291, -130, -571, -570,   44,  851, 1059,  187,-1313,-2110, -871, 2613, 6972, 9953, 9879, 6793, 2428, -977,-2111,-1251,  246, 1072,  822,    8, -583, -558, -108,  303,  370,  139, -129, -220, -114,   60,  165,  159,   86,   15,  -20,  -21,  -11,   -3,
   -3,  -11,  -22,  -19,   17,   89,  160,  163,   54, -120, -220, -121,  150,  374,  293, -127, -570, -572,   39,  847, 1061,  196,-1304,-2111, -887, 2587, 6946, 9943, 9890, 6819, 2454, -962,-2111,-1260,  238, 1070,  826,   13, -581, -560, -111,  301,  370,  140, -128, -220, -115,   59,  164,  159,   87,   15,  -20,  -22,  -11,   -3,
   -3,  -11,  -22,  -19,   17,   89,  160,  163,   55, -119, -220, -123,  148,  373,  295, -124, -568, -574,   34,  843, 1063,  204,-1295,-2111, -902, 2560, 6921, 9932, 9901, 6844, 2480, -947,-2111,-1269,  229, 1069,  830,   18, -579, -562, -114,  300,  371,  142, -127, -220, -116,   58,  164,  159,   87,   16,  -20,  -22,  -11,   -3,
   -3,  -11,  -22,  -19,   16,   88,  160,  163,   56, -118, -220, -124,  146,  372,  296, -121, -566, -576,   29,  839, 1065,  213,-1287,-2111, -917, 2533, 6895, 9922, 9912, 6870, 2507, -932,-2111,-1278,  221, 1067,  835,   23, -578, -564, -117,  298,  372,  144, -125, -220, -117,   57,  164,  159,   88,   16,  -19,  -22,  -11,   -3,
   -3,  -11,  -22,  -19,   16,   88,  159,  164,   57, -117, -220, -125,  144,  372,  298, -117, -564, -578,   23,  835, 1067,  221,-1278,-2111, -932, 2507, 6870, 9912, 9922, 6895, 2533, -917,-2111,-1287,  213, 1065,  839,   29, -576, -566, -121,  296,  372,  146, -124, -220, -118,   56,  163,  160,   88,   16,  -19,  -22,  -11,   -3,
   -3,  -11,  -22,  -20,   16,   87,  159,  164,   58, -116, -220, -127,  142,  371,  300, -114, -562, -579,   18,  830, 1069,  229,-1269,-2111, -947, 2480, 6844, 9901, 9932, 6921, 2560, -902,-2111,-1295,  204, 1063,  843,   34, -574, -568, -124,  295,  373,  148, -123, -220, -119,   55,  163,  160,   89,   17,  -19,  -22,  -11,   -3,
   -3,  -11,  -22,  -20,   15,   87,  159,  164,   59, -115, -220, -128,  140,  370,  301, -111, -560, -581,   13,  826, 1070,  238,-1260,-2111, -962, 2454, 6819, 9890, 9943, 6946, 2587, -887,-2111,-1304,  196, 1061,  847,   39, -572, -570, -127,  293,  374,  150, -121, -220, -120,   54,  163,  160,   89,   17,  -19,  -22,  -11,   -3,
   -3,  -11,  -21,  -20,   15,   86,  159,  165,   60, -114, -220, -129,  139,  370,  303, -108, -558, -583,    8,  822, 1072,  246,-1251,-2111, -977, 2428, 6793, 9879, 9953, 6972, 2613, -871,-2110,-1313,  187, 1059,  851,   44, -570, -571, -130,  291,  374,  152, -120, -220, -121,   53,  162,  161,   90,   17,  -19,  -22,  -11,   -3,
   -3,  -11,  -21,  -20,   14,   86,  158,  165,   61, -113, -219, -130,  137,  369,  305, -105, -556, -585,    3,  818, 1074,  254,-1242,-2111, -992, 2401, 6767, 9868, 9963, 6997, 2640, -856,-2110,-1322,  179, 1057,  855,   49, -568, -573, -133,  289,  375,  153, -119, -220, -122,   52,  162,  161,   90,   18,  -19,  -22,  -11,   -3,
   -3,  -11,  -21,  -20,   14,   85,  158,  165,   62, -112, -219, -132,  135,  368,  306, -102, -554, -587,   -2,  814, 1075,  262,-1233,-2110,-1006, 2375, 6742, 9857, 9973, 7022, 2667, -840,-2110,-1331,  170, 1055,  859,   54, -565, -575, -136,  288,  376,  155, -118, -220, -123,   51,  162,  161,   91,   18,  -19,  -22,  -12,   -3,
   -3,  -11,  -21,  -20,   14,   85,  158,  166,   62, -110, -219, -133,  133,  367,  308,  -98, -552, -589,   -7,  810, 1077,  270,-1224,-2110,-1021, 2349, 6716, 9846, 9983, 7047, 2693, -825,-2109,-1340,  162, 1053,  863,   60, -563, -577, -140,  286,  376,  157, -116, -221, -124,   50,  161,  162,   91,   18,  -19,  -22,  -12,   -3,
   -3,  -11,  -21,  -20,   13,   84,  157,  166,   63, -109, -219, -134,  131,  367,  309,  -95, -551, -590,  -12,  805, 1078,  279,-1215,-2110,-1035, 2322, 6690, 9834, 9992, 7072, 2720, -809,-2108,-1348,  153, 1051,  867,   65, -561, -578, -143,  284,  377,  159, -115, -221, -125,   49,  161,  162,   92,   19,  -19,  -22,  -12,   -3,
   -3,  -11,  -21,  -20,   13,   84,  157,  166,   64, -108, -219, -135,  129,  366,  311,  -92, -548, -592,  -17,  801, 1080,  287,-1206,-2109,-1049, 2296, 6664, 9823,10002, 7097, 2747, -793,-2108,-1357,  145, 1049,  871,   70, -559, -580, -146,  282,  377,  161, -114, -221, -126,   48,  161,  162,   92,   19,  -18,  -22,  -12,   -3,
   -3,  -11,  -21,  -20,   13,   83,  157,  166,   65, -107, -219, -136,  127,  365,  312,  -89, -546, -594,  -22,  797, 1081,  295,-1196,-2108,-1064, 2270, 6638, 9811,10011, 7122, 2774, -777,-2107,-1366,  136, 1047,  874,   75, -557, -582, -149,  280,  378,  163, -112, -221, -127,   47,  160,  162,   93,   19,  -18,  -22,  -12,   -3,
   -3,  -10,  -21,  -20,   12,   83,  156,  167,   66, -106, -218, -138,  126,  364,  314,  -86, -544, -596,  -27,  792, 1083,  303,-1187,-2108,-1078, 2244, 6612, 9800,10020, 7147, 2801, -761,-2106,-1374,  127, 1044,  878,   80, -555, -584, -152,  279,  379,  164, -111, -221, -128,   46,  160,  163,   93,   20,  -18,  -22,  -12,   -3,
   -3,  -10,  -21,  -20,   12,   82,  156,  167,   67, -105, -218, -139,  124,  363,  315,  -83, -542, -597,  -32,  788, 1084,  311,-1178,-2107,-1092, 2218, 6586, 9788,10029, 7172, 2828, -745,-2105,-1383,  119, 1042,  882,   86, -552, -585, -156,  277,  379,  166, -110, -221, -129,   45,  160,  163,   94,   20,  -18,  -22,  -12,   -3,
   -2,  -10,  -21,  -21,   12,   82,  156,  167,   68, -104, -218, -140,  122,  363,  317,  -79, -540, -599,  -38,  784, 1085,  319,-1169,-2106,-1106, 2192, 6560, 9776,10038, 7197, 2855, -729,-2104,-1391,  110, 1040,  886,   91, -550, -587, -159,  275,  380,  168, -108, -221, -130,   44,  159,  163,   94,   21,  -18,  -22,  -12,   -3,
   -2,  -10,  -21,  -21,   11,   81,  155,  167,   69, -103, -218, -141,  120,  362,  318,  -76, -538, -600,  -43,  779, 1086,  327,-1160,-2105,-1119, 2166, 6534, 9764,10047, 7222, 2882, -713,-2102,-1400,  101, 1037,  890,   96, -548, -588, -162,  273,  380,  170, -107, -221, -131,   43,  159,  164,   95,   21,  -18,  -22,  -12,   -3,
   -2,  -10,  -21,  -21,   11,   81,  155,  168,   70, -102, -218, -142,  118,  361,  320,  -73, -536, -602,  -47,  775, 1088,  335,-1150,-2104,-1133, 2140, 6508, 9751,10056, 7246, 2909, -697,-2101,-1408,   93, 1035,  893,  101, -546, -590, -165,  271,  381,  172, -105, -221, -132,   42,  159,  164,   95,   21,  -18,  -22,  -12,   -3,
   -2,  -10,  -21,  -21,   11,   80,  155,  168,   71, -101, -217, -144,  116,  360,  321,  -70, -534, -604,  -52,  771, 1089,  343,-1141,-2103,-1147, 2114, 6481, 9739,10065, 7271, 2936, -680,-2100,-1417,   84, 1032,  897,  107, -543, -592, -168,  269,  381,  174, -104, -221, -133,   41,  158,  164,   96,   22,  -18,  -22,  -12,   -3,
   -2,  -10,  -21,  -21,   10,   80,  154,  168,   72, -100, -217, -145,  114,  359,  323,  -67, -532, -605,  -57,  766, 1090,  350,-1132,-2102,-1160, 2088, 6455, 9727,10073, 7296, 2963, -664,-2098,-1425,   75, 1030,  901,  112, -541, -593, -172,  267,  382,  175, -103, -221, -134,   40,  158,  164,   96,   22,  -18,  -22,  -12,   -3,
   -2,  -10,  -21,  -21,   10,   79,  154,  168,   73,  -99, -217, -146,  113,  358,  324,  -64, -530, -607,  -62,  762, 1091,  358,-1123,-2100,-1174, 2062, 6429, 9714,10082, 7320, 2990, -647,-2097,-1434,   66, 1027,  904,  117, -539, -595, -175,  266,  382,  177, -101, -221, -135,   39,  157,  165,   97,   22,  -17,  -22,  -12,   -4,
   -2,  -10,  -21,  -21,   10,   79,  153,  169,   74,  -98, -217, -147,  111,  357,  326,  -61, -528, -608,  -67,  757, 1092,  366,-1113,-2099,-1187, 2037, 6402, 9701,10090, 7345, 3017, -630,-2095,-1442,   58, 1025,  908,  123, -536, -596, -178,  264,  383,  179, -100, -221, -136,   38,  157,  165,   97,   23,  -17,  -22,  -12,   -4,
   -2,  -10,  -21,  -21,   10,   78,  153,  169,   75,  -97, -216, -148,  109,  356,  327,  -58, -525, -609,  -72,  753, 1093,  374,-1104,-2097,-1200, 2011, 6376, 9688,10098, 7369, 3044, -613,-2094,-1450,   49, 1022,  912,  128, -534, -598, -181,  262,  383,  181,  -98, -220, -137,   36,  157,  165,   98,   23,  -17,  -22,  -12,   -4,
   -2,  -10,  -21,  -21,    9,   78,  153,  169,   76,  -96, -216, -149,  107,  356,  328,  -54, -523, -611,  -77,  748, 1094,  382,-1095,-2096,-1214, 1985, 6350, 9675,10106, 7393, 3071, -596,-2092,-1459,   40, 1019,  915,  133, -531, -599, -184,  260,  383,  183,  -97, -220, -138,   35,  156,  165,   98,   24,  -17,  -22,  -13,   -4,
   -2,  -10,  -21,  -21,    9,   77,  152,  169,   77,  -94, -216, -150,  105,  355,  330,  -51, -521, -612,  -82,  744, 1095,  389,-1085,-2094,-1227, 1960, 6323, 9662,10114, 7417, 3099, -579,-2090,-1467,   31, 1016,  919,  139, -529, -601, -187,  258,  384,  184,  -96, -220, -139,   34,  156,  166,   99,   24,  -17,  -23,  -13,   -4,
   -2,  -10,  -20,  -21,    9,   77,  152,  169,   77,  -93, -216, -151,  103,  354,  331,  -48, -519, -614,  -87,  739, 1095,  397,-1076,-2093,-1240, 1934, 6296, 9649,10121, 7442, 3126, -562,-2088,-1475,   22, 1014,  922,  144, -526, -602, -191,  256,  384,  186,  -94, -220, -140,   33,  155,  166,   99,   24,  -17,  -23,  -13,   -4,
   -2,  -10,  -20,  -21,    8,   76,  152,  170,   78,  -92, -215, -153,  101,  353,  332,  -45, -516, -615,  -92,  735, 1096,  405,-1066,-2091,-1252, 1909, 6270, 9636,10129, 7466, 3153, -545,-2086,-1484,   13, 1011,  926,  149, -524, -604, -194,  254,  385,  188,  -93, -220, -141,   32,  155,  166,  100,   25,  -17,  -23,  -13,   -4,
   -2,  -10,  -20,  -21,    8,   76,  151,  170,   79,  -91, -215, -154,   99,  352,  334,  -42, -514, -616,  -97,  730, 1097,  412,-1057,-2089,-1265, 1883, 6243, 9622,10136, 7490, 3180, -528,-2084,-1492,    4, 1008,  929,  154, -521, -605, -197,  252,  385,  190,  -91, -220, -142,   31,  154,  166,  100,   25,  -17,  -23,  -13,   -4,
   -2,   -9,  -20,  -21,    8,   75,  151,  170,   80,  -90, -215, -155,   98,  351,  335,  -39, -512, -618, -102,  725, 1098,  420,-1048,-2087,-1278, 1858, 6217, 9609,10144, 7514, 3208, -511,-2082,-1500,   -5, 1005,  933,  160, -519, -606, -200,  250,  385,  192,  -90, -220, -143,   30,  154,  167,  101,   25,  -16,  -23,  -13,   -4,
   -2,   -9,  -20,  -22,    7,   74,  151,  170,   81,  -89, -214, -156,   96,  350,  336,  -36, -510, -619, -106,  721, 1098,  427,-1038,-2085,-1290, 1832, 6190, 9595,10151, 7538, 3235, -493,-2079,-1508,  -14, 1002,  936,  165, -516, -608, -203,  248,  386,  193,  -88, -220, -143,   29,  154,  167,  101,   26,  -16,  -23,  -13,   -4,
   -2,   -9,  -20,  -22,    7,   74,  150,  170,   82,  -88, -214, -157,   94,  349,  338,  -33, -507, -620, -111,  716, 1099,  435,-1029,-2083,-1303, 1807, 6163, 9581,10158, 7562, 3263, -476,-2077,-1516,  -23,  999,  939,  170, -513, -609, -207,  246,  386,  195,  -87, -220, -144,   28,  153,  167,  102,   26,  -16,  -23,  -13,   -4,
   -2,   -9,  -20,  -22,    7,   73,  150,  171,   83,  -87, -214, -158,   92,  348,  339,  -30, -505, -621, -116,  711, 1099,  442,-1019,-2081,-1315, 1782, 6136, 9568,10165, 7585, 3290, -458,-2074,-1524,  -32,  996,  943,  176, -511, -610, -210,  243,  386,  197,  -85, -220, -145,   27,  153,  167,  102,   27,  -16,  -23,  -13,   -4,
   -2,   -9,  -20,  -22,    6,   73,  149,  171,   84,  -86, -213, -159,   90,  347,  340,  -27, -503, -622, -121,  707, 1100,  450,-1010,-2079,-1328, 1757, 6110, 9554,10172, 7609, 3317, -440,-2072,-1532,  -41,  992,  946,  181, -508, -612, -213,  241,  387,  199,  -84, -219, -146,   26,  152,  168,  103,   27,  -16,  -23,  -13,   -4,
   -2,   -9,  -20,  -22,    6,   72,  149,  171,   85,  -85, -213, -160,   88,  346,  341,  -24, -500, -624, -126,  702, 1100,  457,-1000,-2077,-1340, 1732, 6083, 9539,10179, 7633, 3345, -422,-2069,-1540,  -50,  989,  949,  186, -505, -613, -216,  239,  387,  201,  -82, -219, -147,   25,  152,  168,  103,   27,  -16,  -23,  -13,   -4,
   -2,   -9,  -20,  -22,    6,   72,  149,  171,   86,  -84, -213, -161,   86,  345,  343,  -20, -498, -625, -130,  697, 1101,  464, -991,-2074,-1352, 1707, 6056, 9525,10185, 7656, 3372, -405,-2066,-1548,  -59,  986,  953,  192, -502, -614, -219,  237,  387,  202,  -81, -219, -148,   24,  151,  168,  104,   28,  -16,  -23,  -13,   -4,
   -2,   -9,  -20,  -22,    6,   71,  148,  171,   86,  -83, -212, -162,   85,  344,  344,  -17, -496, -626, -135,  693, 1101,  472, -981,-2072,-1364, 1682, 6029, 9511,10191, 7680, 3400, -387,-2064,-1556,  -68,  983,  956,  197, -500, -615, -222,  235,  387,  204,  -79, -219, -149,   23,  151,  168,  104,   28,  -15,  -23,  -13,   -4,
   -2,   -9,  -20,  -22,    5,   71,  148,  171,   87,  -81, -212, -163,   83,  343,  345,  -14, -493, -627, -140,  688, 1102,  479, -972,-2069,-1376, 1657, 6002, 9496,10198, 7703, 3427, -368,-2061,-1564,  -78,  979,  959,  203, -497, -617, -226,  233,  388,  206,  -78, -219, -150,   22,  150,  168,  105,   29,  -15,  -23,  -13,   -4,
   -2,   -9,  -20,  -22,    5,   70,  147,  172,   88,  -80, -212, -164,   81,  341,  346,  -11, -491, -628, -145,  683, 1102,  486, -962,-2067,-1388, 1632, 5975, 9482,10204, 7726, 3455, -350,-2058,-1571,  -87,  976,  962,  208, -494, -618, -229,  231,  388,  208,  -76, -219, -151,   21,  150,  169,  105,   29,  -15,  -23,  -14,   -4,
   -2,   -9,  -20,  -22,    5,   70,  147,  172,   89,  -79, -211, -165,   79,  340,  347,   -8, -488, -629, -149,  678, 1102,  493, -952,-2064,-1399, 1607, 5948, 9467,10210, 7750, 3483, -332,-2054,-1579,  -96,  973,  965,  213, -491, -619, -232,  229,  388,  209,  -75, -218, -152,   20,  149,  169,  106,   29,  -15,  -23,  -14,   -4,
   -2,   -9,  -20,  -22,    4,   70,  147,  172,   90,  -78, -211, -166,   77,  339,  348,   -5, -486, -630, -154,  673, 1102,  501, -943,-2061,-1411, 1582, 5921, 9452,10216, 7773, 3510, -314,-2051,-1587, -105,  969,  968,  219, -488, -620, -235,  226,  388,  211,  -73, -218, -153,   19,  149,  169,  106,   30,  -15,  -23,  -14,   -4,
   -2,   -9,  -20,  -22,    4,   69,  146,  172,   91,  -77, -211, -167,   75,  338,  350,   -2, -483, -631, -159,  669, 1103,  508, -933,-2059,-1422, 1557, 5894, 9437,10222, 7796, 3538, -295,-2048,-1595, -114,  966,  972,  224, -486, -621, -238,  224,  389,  213,  -72, -218, -154,   17,  149,  169,  107,   30,  -15,  -23,  -14,   -4,
   -2,   -9,  -20,  -22,    4,   69,  146,  172,   92,  -76, -210, -168,   73,  337,  351,    1, -481, -632, -163,  664, 1103,  515, -924,-2056,-1434, 1533, 5867, 9422,10227, 7819, 3565, -277,-2045,-1602, -124,  962,  975,  229, -483, -622, -241,  222,  389,  215,  -70, -218, -155,   16,  148,  169,  107,   31,  -15,  -23,  -14,   -4,
   -2,   -9,  -19,  -22,    3,   68,  145,  172,   92,  -75, -210, -169,   72,  336,  352,    4, -479, -633, -168,  659, 1103,  522, -914,-2053,-1445, 1508, 5840, 9407,10233, 7842, 3593, -258,-2041,-1610, -133,  959,  978,  235, -480, -623, -245,  220,  389,  216,  -69, -217, -155,   15,  148,  170,  108,   31,  -14,  -23,  -14,   -4,
   -2,   -9,  -19,  -22,    3,   68,  145,  172,   93,  -74, -209, -170,   70,  335,  353,    7, -476, -634, -173,  654, 1103,  529, -904,-2050,-1456, 1483, 5812, 9392,10238, 7865, 3621, -240,-2037,-1617, -142,  955,  981,  240, -477, -625, -248,  218,  389,  218,  -67, -217, -156,   14,  147,  170,  109,   31,  -14,  -23,  -14,   -4,
   -2,   -8,  -19,  -22,    3,   67,  145,  173,   94,  -73, -209, -171,   68,  334,  354,   10, -474, -635, -177,  649, 1103,  536, -895,-2047,-1468, 1459, 5785, 9376,10243, 7888, 3648, -221,-2034,-1625, -151,  951,  984,  246, -474, -626, -251,  215,  389,  220,  -66, -217, -157,   13,  147,  170,  109,   32,  -14,  -23,  -14,   -4,
   -2,   -8,  -19,  -22,    3,   67,  144,  173,   95,  -71, -208, -172,   66,  332,  355,   13, -471, -635, -182,  644, 1103,  543, -885,-2044,-1479, 1434, 5758, 9361,10248, 7910, 3676, -202,-2030,-1632, -161,  947,  986,  251, -471, -627, -254,  213,  389,  222,  -64, -217, -158,   12,  146,  170,  110,   32,  -14,  -23,  -14,   -5,
   -2,   -8,  -19,  -23,    2,   66,  144,  173,   96,  -70, -208, -173,   64,  331,  356,   16, -468, -636, -186,  639, 1103,  550, -875,-2040,-1489, 1410, 5731, 9345,10253, 7933, 3704, -183,-2026,-1640, -170,  944,  989,  256, -468, -628, -257,  211,  389,  223,  -63, -216, -159,   11,  145,  170,  110,   33,  -14,  -23,  -14,   -5,
   -2,   -8,  -19,  -23,    2,   66,  143,  173,   97,  -69, -208, -174,   62,  330,  357,   19, -466, -637, -191,  634, 1103,  557, -866,-2037,-1500, 1386, 5703, 9330,10258, 7956, 3731, -164,-2022,-1647, -180,  940,  992,  262, -465, -629, -260,  208,  389,  225,  -61, -216, -160,   10,  145,  170,  111,   33,  -14,  -23,  -14,   -5,
   -2,   -8,  -19,  -23,    2,   65,  143,  173,   97,  -68, -207, -175,   60,  329,  358,   22, -463, -638, -195,  629, 1102,  563, -856,-2034,-1511, 1362, 5676, 9314,10263, 7978, 3759, -145,-2018,-1654, -189,  936,  995,  267, -462, -630, -263,  206,  389,  227,  -59, -216, -161,    9,  144,  171,  111,   34,  -13,  -23,  -14,   -5,
   -2,   -8,  -19,  -23,    2,   65,  143,  173,   98,  -67, -207, -175,   59,  328,  359,   25, -461, -638, -200,  625, 1102,  570, -846,-2030,-1522, 1337, 5649, 9298,10267, 8001, 3787, -126,-2014,-1662, -198,  932,  998,  272, -458, -630, -267,  204,  390,  228,  -58, -216, -162,    8,  144,  171,  112,   34,  -13,  -23,  -14,   -5,
   -2,   -8,  -19,  -23,    1,   64,  142,  173,   99,  -66, -206, -176,   57,  326,  360,   28, -458, -639, -204,  620, 1102,  577, -837,-2027,-1532, 1313, 5621, 9282,10272, 8023, 3815, -106,-2010,-1669, -208,  928, 1001,  278, -455, -631, -270,  202,  390,  230,  -56, -215, -162,    7,  143,  171,  112,   34,  -13,  -23,  -14,   -5,
   -2,   -8,  -19,  -23,    1,   64,  142,  173,  100,  -65, -206, -177,   55,  325,  361,   31, -456, -640, -209,  615, 1102,  584, -827,-2023,-1543, 1289, 5594, 9266,10276, 8045, 3843,  -87,-2006,-1676, -217,  924, 1003,  283, -452, -632, -273,  199,  390,  232,  -55, -215, -163,    6,  143,  171,  113,   35,  -13,  -23,  -15,   -5,
   -2,   -8,  -19,  -23,    1,   63,  141,  173,  101,  -64, -205, -178,   53,  324,  362,   34, -453, -641, -213,  610, 1101,  590, -817,-2020,-1553, 1265, 5567, 9249,10280, 8067, 3870,  -68,-2001,-1683, -227,  920, 1006,  289, -449, -633, -276,  197,  390,  234,  -53, -215, -164,    4,  142,  171,  113,   35,  -13,  -23,  -15,   -5,
   -2,   -8,  -19,  -23,    0,   63,  141,  174,  102,  -63, -205, -179,   51,  323,  363,   37, -450, -641, -218,  605, 1101,  597, -808,-2016,-1563, 1241, 5539, 9233,10284, 8090, 3898,  -48,-1997,-1690, -236,  916, 1009,  294, -446, -634, -279,  195,  390,  235,  -51, -214, -165,    3,  142,  171,  113,   36,  -13,  -23,  -15,   -5,
   -1,   -8,  -19,  -23,    0,   62,  140,  174,  102,  -61, -204, -180,   49,  322,  364,   40, -448, -642, -222,  600, 1100,  604, -798,-2012,-1573, 1217, 5512, 9217,10288, 8112, 3926,  -28,-1992,-1698, -245,  912, 1011,  299, -443, -635, -282,  192,  390,  237,  -50, -214, -166,    2,  141,  172,  114,   36,  -12,  -23,  -15,   -5,
   -1,   -8,  -19,  -23,    0,   62,  140,  174,  103,  -60, -204, -181,   48,  320,  365,   43, -445, -642, -227,  595, 1100,  610, -788,-2008,-1583, 1193, 5484, 9200,10292, 8134, 3954,   -9,-1987,-1705, -255,  908, 1014,  305, -439, -636, -285,  190,  390,  239,  -48, -214, -167,    1,  141,  172,  114,   36,  -12,  -23,  -15,   -5,
   -1,   -8,  -19,  -23,    0,   61,  140,  174,  104,  -59, -203, -181,   46,  319,  365,   45, -442, -643, -231,  589, 1099,  617, -778,-2004,-1593, 1170, 5457, 9183,10296, 8155, 3982,   11,-1983,-1712, -264,  903, 1016,  310, -436, -636, -288,  187,  390,  240,  -47, -213, -167,    0,  140,  172,  115,   37,  -12,  -23,  -15,   -5,
   -1,   -8,  -18,  -23,   -1,   61,  139,  174,  105,  -58, -203, -182,   44,  318,  366,   48, -440, -643, -236,  584, 1099,  623, -769,-2001,-1603, 1146, 5429, 9166,10299, 8177, 4010,   31,-1978,-1718, -274,  899, 1019,  316, -433, -637, -291,  185,  389,  242,  -45, -213, -168,   -1,  140,  172,  115,   37,  -12,  -23,  -15,   -5,
   -1,   -8,  -18,  -23,   -1,   60,  139,  174,  106,  -57, -202, -183,   42,  316,  367,   51, -437, -644, -240,  579, 1098,  630, -759,-1996,-1613, 1122, 5401, 9150,10303, 8199, 4037,   51,-1973,-1725, -283,  895, 1021,  321, -429, -638, -295,  183,  389,  244,  -43, -213, -169,   -2,  139,  172,  116,   38,  -12,  -23,  -15,   -5,
   -1,   -8,  -18,  -23,   -1,   60,  138,  174,  106,  -56, -202, -184,   40,  315,  368,   54, -434, -644, -244,  574, 1098,  636, -749,-1992,-1623, 1099, 5374, 9133,10306, 8221, 4065,   71,-1968,-1732, -293,  890, 1024,  326, -426, -639, -298,  180,  389,  245,  -42, -212, -170,   -3,  138,  172,  116,   38,  -11,  -23,  -15,   -5,
   -1,   -8,  -18,  -23,   -1,   59,  138,  174,  107,  -55, -201, -185,   38,  314,  369,   57, -432, -645, -249,  569, 1097,  643, -739,-1988,-1632, 1075, 5346, 9115,10309, 8242, 4093,   91,-1963,-1739, -303,  886, 1026,  332, -423, -639, -301,  178,  389,  247,  -40, -212, -171,   -4,  138,  172,  117,   39,  -11,  -23,  -15,   -5,
   -1,   -7,  -18,  -23,   -2,   59,  137,  174,  108,  -54, -201, -186,   37,  313,  369,   60, -429, -645, -253,  564, 1096,  649, -730,-1984,-1642, 1052, 5319, 9098,10312, 8263, 4121,  111,-1957,-1746, -312,  882, 1029,  337, -419, -640, -304,  175,  389,  248,  -38, -211, -171,   -5,  137,  173,  117,   39,  -11,  -23,  -15,   -5,
   -1,   -7,  -18,  -23,   -2,   58,  137,  174,  109,  -52, -200, -186,   35,  311,  370,   63, -426, -646, -257,  559, 1096,  655, -720,-1980,-1651, 1028, 5291, 9081,10315, 8285, 4149,  131,-1952,-1752, -322,  877, 1031,  343, -416, -641, -307,  173,  389,  250,  -37, -211, -172,   -7,  137,  173,  118,   39,  -11,  -23,  -15,   -5,
   -1,   -7,  -18,  -23,   -2,   58,  137,  174,  109,  -51, -200, -187,   33,  310,  371,   66, -424, -646, -262,  554, 1095,  661, -710,-1975,-1660, 1005, 5263, 9063,10317, 8306, 4177,  152,-1947,-1759, -331,  872, 1033,  348, -412, -641, -310,  170,  389,  252,  -35, -211, -173,   -8,  136,  173,  118,   40,  -11,  -23,  -15,   -5,
   -1,   -7,  -18,  -23,   -2,   57,  136,  174,  110,  -50, -199, -188,   31,  309,  372,   69, -421, -646, -266,  549, 1094,  668, -700,-1971,-1670,  982, 5236, 9046,10320, 8327, 4205,  172,-1941,-1766, -341,  868, 1036,  353, -409, -642, -313,  168,  389,  253,  -33, -210, -174,   -9,  135,  173,  119,   40,  -11,  -23,  -15,   -5,
   -1,   -7,  -18,  -23,   -3,   57,  136,  174,  111,  -49, -198, -189,   29,  307,  373,   71, -418, -647, -270,  544, 1093,  674, -691,-1966,-1679,  959, 5208, 9028,10322, 8348, 4233,  193,-1936,-1772, -350,  863, 1038,  359, -406, -642, -316,  165,  388,  255,  -32, -210, -175,  -10,  135,  173,  119,   41,  -10,  -23,  -16,   -5,
   -1,   -7,  -18,  -23,   -3,   56,  135,  174,  112,  -48, -198, -189,   28,  306,  373,   74, -415, -647, -274,  538, 1092,  680, -681,-1962,-1688,  935, 5180, 9010,10325, 8369, 4261,  213,-1930,-1779, -360,  859, 1040,  364, -402, -643, -319,  163,  388,  257,  -30, -209, -175,  -11,  134,  173,  120,   41,  -10,  -23,  -16,   -5,
   -1,   -7,  -18,  -23,   -3,   56,  135,  174,  112,  -47, -197, -190,   26,  304,  374,   77, -413, -647, -278,  533, 1091,  686, -671,-1957,-1697,  912, 5153, 8993,10327, 8390, 4288,  234,-1924,-1785, -370,  854, 1042,  369, -399, -643, -322,  160,  388,  258,  -28, -209, -176,  -12,  134,  173,  120,   42,  -10,  -23,  -16,   -6,
   -1,   -7,  -18,  -23,   -3,   55,  134,  174,  113,  -46, -197, -191,   24,  303,  375,   80, -410, -648, -283,  528, 1090,  692, -661,-1953,-1705,  889, 5125, 8975,10329, 8411, 4316,  255,-1918,-1791, -379,  849, 1044,  375, -395, -644, -325,  158,  388,  260,  -27, -208, -177,  -13,  133,  173,  121,   42,  -10,  -23,  -16,   -6,
   -1,   -7,  -18,  -23,   -4,   55,  134,  174,  114,  -45, -196, -192,   22,  302,  375,   83, -407, -648, -287,  523, 1089,  698, -652,-1948,-1714,  867, 5097, 8957,10331, 8432, 4344,  276,-1912,-1798, -389,  844, 1046,  380, -391, -644, -328,  155,  388,  261,  -25, -208, -178,  -14,  132,  173,  121,   43,  -10,  -23,  -16,   -6,
   -1,   -7,  -18,  -23,   -4,   54,  133,  174,  115,  -43, -195, -192,   20,  300,  376,   86, -404, -648, -291,  518, 1088,  704, -642,-1943,-1723,  844, 5069, 8938,10332, 8453, 4372,  296,-1906,-1804, -399,  839, 1049,  385, -388, -645, -331,  153,  387,  263,  -23, -207, -178,  -15,  132,  173,  122,   43,   -9,  -23,  -16,   -6,
   -1,   -7,  -18,  -23,   -4,   54,  133,  174,  115,  -42, -195, -193,   19,  299,  377,   88, -401, -648, -295,  513, 1087,  710, -632,-1938,-1731,  821, 5042, 8920,10334, 8473, 4400,  317,-1900,-1810, -408,  835, 1051,  391, -384, -645, -334,  150,  387,  265,  -22, -207, -179,  -17,  131,  174,  122,   43,   -9,  -23,  -16,   -6,
   -1,   -7,  -17,  -23,   -4,   54,  133,  174,  116,  -41, -194, -194,   17,  298,  377,   91, -399, -648, -299,  507, 1086,  716, -622,-1933,-1739,  798, 5014, 8902,10336, 8494, 4428,  338,-1894,-1817, -418,  830, 1053,  396, -381, -646, -337,  148,  387,  266,  -20, -206, -180,  -18,  130,  174,  123,   44,   -9,  -23,  -16,   -6,
   -1,   -7,  -17,  -23,   -5,   53,  132,  174,  117,  -40, -194, -194,   15,  296,  378,   94, -396, -648, -303,  502, 1085,  722, -613,-1928,-1748,  776, 4986, 8883,10337, 8514, 4456,  360,-1887,-1823, -428,  825, 1055,  402, -377, -646, -340,  145,  386,  268,  -18, -206, -181,  -19,  130,  174,  123,   44,   -9,  -23,  -16,   -6,
   -1,   -7,  -17,  -23,   -5,   53,  132,  174,  118,  -39, -193, -195,   13,  295,  378,   97, -393, -648, -307,  497, 1083,  727, -603,-1923,-1756,  753, 4958, 8865,10338, 8534, 4484,  381,-1881,-1829, -437,  820, 1056,  407, -373, -646, -343,  142,  386,  269,  -16, -205, -181,  -20,  129,  174,  124,   45,   -9,  -23,  -16,   -6,
   -1,   -7,  -17,  -23,   -5,   52,  131,  174,  118,  -38, -192, -196,   11,  293,  379,   99, -390, -649, -311,  492, 1082,  733, -593,-1918,-1764,  731, 4930, 8846,10339, 8554, 4512,  402,-1874,-1835, -447,  814, 1058,  412, -369, -647, -346,  140,  386,  271,  -15, -205, -182,  -21,  129,  174,  124,   45,   -8,  -23,  -16,   -6,
   -1,   -7,  -17,  -23,   -5,   52,  131,  174,  119,  -37, -192, -196,   10,  292,  380,  102, -387, -649, -315,  486, 1081,  739, -583,-1913,-1772,  708, 4902, 8827,10340, 8575, 4540,  424,-1867,-1841, -457,  809, 1060,  418, -366, -647, -349,  137,  385,  272,  -13, -204, -183,  -22,  128,  174,  125,   46,   -8,  -23,  -16,   -6,
   -1,   -7,  -17,  -23,   -6,   51,  130,  174,  120,  -36, -191, -197,    8,  290,  380,  105, -384, -649, -319,  481, 1079,  745, -573,-1908,-1780,  686, 4875, 8808,10341, 8595, 4568,  445,-1861,-1847, -466,  804, 1062,  423, -362, -647, -352,  135,  385,  274,  -11, -204, -184,  -23,  127,  174,  125,   46,   -8,  -23,  -16,   -6,
   -1,   -7,  -17,  -23,   -6,   51,  130,  174,  120,  -34, -190, -198,    6,  289,  381,  108, -381, -649, -323,  476, 1078,  750, -564,-1903,-1788,  664, 4847, 8789,10342, 8614, 4596,  466,-1854,-1852, -476,  799, 1064,  428, -358, -647, -355,  132,  385,  275,  -10, -203, -184,  -24,  127,  174,  126,   47,   -8,  -23,  -16,   -6,
   -1,   -6,  -17,  -23,   -6,   50,  129,  174,  121,  -33, -190, -198,    4,  287,  381,  110, -379, -649, -327,  471, 1077,  756, -554,-1897,-1796,  641, 4819, 8770,10342, 8634, 4624,  488,-1847,-1858, -486,  794, 1065,  434, -354, -648, -358,  129,  384,  277,   -8, -203, -185,  -25,  126,  174,  126,   47,   -8,  -23,  -17,   -6,
   -1,   -6,  -17,  -23,   -6,   50,  129,  174,  122,  -32, -189, -199,    3,  286,  382,  113, -376, -649, -331,  465, 1075,  761, -544,-1892,-1803,  619, 4791, 8751,10343, 8654, 4651,  510,-1840,-1864, -496,  788, 1067,  439, -351, -648, -361,  127,  384,  278,   -6, -202, -186,  -27,  125,  174,  127,   48,   -7,  -23,  -17,   -6,
   -1,   -6,  -17,  -23,   -6,   49,  128,  174,  123,  -31, -188, -200,    1,  284,  382,  116, -373, -648, -335,  460, 1074,  767, -534,-1886,-1811,  597, 4763, 8732,10343, 8674, 4679,  532,-1833,-1870, -505,  783, 1069,  444, -347, -648, -364,  124,  383,  280,   -4, -201, -186,  -28,  125,  174,  127,   48,   -7,  -23,  -17,   -6,
  -27,   -6,  -17,  -23,   -7,   49,  128,  174,  123,  -30, -188, -200,   -1,  283,  383,  119, -370, -648, -339,  455, 1072,  772, -525,-1881,-1818,  575, 4735, 8713,10343, 8693, 4707,  553,-1825,-1875, -515,  778, 1070,  449, -343, -648, -367,  121,  383,  281,   -3, -201, -187,  -29,  124,  174,  128,   48,   -7,  -23,  -17,   -6,
