// single phase coef Number:=24,    upsample factor:=147,     downsample factor:=80
    85,  200, -257,  219,  -64, -375, 1027,-1923, 2852,-3722, 4248,28179, 4449,-3793, 2874,-1921, 1014, -361,  -74,  225, -259,  199,   86,    8,
   83,  201, -254,  212,  -53, -389, 1039,-1925, 2830,-3650, 4048,28176, 4651,-3864, 2894,-1918, 1002, -347,  -85,  231, -261,  198,   87,    1,
   82,  202, -252,  206,  -42, -402, 1050,-1926, 2806,-3577, 3850,28169, 4855,-3933, 2914,-1914,  988, -333,  -96,  237, -263,  197,   88,    1,
   81,  203, -249,  199,  -31, -416, 1062,-1926, 2782,-3504, 3653,28160, 5060,-4002, 2933,-1910,  975, -318, -107,  244, -265,  195,   90,    1,
   80,  204, -247,  193,  -21, -429, 1072,-1926, 2757,-3430, 3457,28147, 5266,-4070, 2952,-1905,  961, -304, -118,  250, -267,  194,   91,    1,
   78,  205, -244,  187,  -10, -442, 1083,-1925, 2731,-3355, 3263,28131, 5474,-4138, 2969,-1899,  946, -289, -129,  256, -269,  193,   92,    1,
   77,  206, -242,  180,    1, -454, 1092,-1924, 2705,-3280, 3071,28111, 5682,-4204, 2985,-1893,  931, -274, -140,  262, -271,  191,   94,    1,
   76,  207, -239,  173,   11, -467, 1102,-1921, 2678,-3204, 2880,28089, 5892,-4270, 3001,-1886,  916, -259, -151,  268, -273,  190,   95,    2,
   75,  208, -236,  167,   21, -479, 1111,-1919, 2650,-3128, 2690,28063, 6103,-4334, 3015,-1878,  901, -243, -162,  274, -275,  188,   96,    2,
   73,  209, -233,  160,   32, -491, 1120,-1915, 2621,-3052, 2502,28034, 6315,-4398, 3029,-1869,  885, -228, -173,  280, -277,  187,   98,    2,
   72,  209, -230,  154,   42, -503, 1128,-1911, 2591,-2974, 2316,28002, 6528,-4460, 3041,-1860,  868, -212, -184,  286, -278,  185,   99,    2,
   71,  210, -228,  147,   52, -514, 1136,-1906, 2561,-2897, 2132,27967, 6741,-4522, 3053,-1851,  851, -196, -196,  291, -280,  184,  101,    2,
   70,  211, -225,  141,   62, -526, 1143,-1901, 2530,-2819, 1949,27928, 6956,-4582, 3064,-1840,  834, -181, -207,  297, -281,  182,  102,    2,
   69,  211, -222,  134,   72, -537, 1150,-1895, 2499,-2741, 1768,27887, 7172,-4642, 3073,-1829,  817, -164, -218,  303, -283,  180,  103,    2,
   68,  212, -219,  127,   82, -548, 1156,-1889, 2466,-2662, 1588,27842, 7388,-4700, 3082,-1817,  799, -148, -229,  308, -284,  178,  105,    2,
   66,  212, -215,  121,   92, -558, 1162,-1882, 2433,-2583, 1411,27794, 7606,-4757, 3090,-1805,  781, -132, -240,  314, -285,  177,  106,    2,
   65,  213, -212,  114,  102, -569, 1168,-1874, 2400,-2504, 1235,27743, 7824,-4813, 3096,-1792,  762, -115, -251,  319, -286,  175,  107,    3,
   64,  213, -209,  107,  112, -579, 1173,-1865, 2366,-2424, 1061,27689, 8043,-4868, 3102,-1778,  743,  -99, -262,  325, -287,  173,  109,    3,
   63,  214, -206,  101,  121, -589, 1178,-1857, 2331,-2345,  888,27631, 8263,-4922, 3106,-1763,  724,  -82, -273,  330, -288,  171,  110,    3,
   62,  214, -203,   94,  131, -599, 1182,-1847, 2296,-2265,  718,27571, 8483,-4974, 3110,-1748,  704,  -65, -284,  335, -289,  169,  112,    3,
   61,  214, -199,   87,  140, -608, 1186,-1837, 2260,-2184,  550,27507, 8704,-5025, 3112,-1732,  684,  -48, -295,  340, -290,  167,  113,    3,
   60,  215, -196,   81,  149, -617, 1190,-1827, 2223,-2104,  383,27441, 8926,-5075, 3114,-1716,  663,  -31, -306,  345, -291,  165,  114,    3,
   59,  215, -192,   74,  158, -626, 1193,-1815, 2186,-2024,  218,27371, 9148,-5123, 3114,-1699,  643,  -14, -317,  350, -292,  163,  116,    3,
   58,  215, -189,   68,  168, -635, 1196,-1804, 2149,-1943,   56,27298, 9371,-5170, 3114,-1681,  622,    3, -328,  355, -292,  161,  117,    3,
   57,  215, -186,   61,  176, -643, 1198,-1791, 2111,-1863, -105,27222, 9594,-5216, 3112,-1662,  600,   21, -339,  360, -293,  158,  119,    4,
   56,  215, -182,   54,  185, -651, 1200,-1779, 2072,-1782, -264,27143, 9817,-5260, 3109,-1643,  579,   38, -350,  365, -293,  156,  120,    4,
   55,  215, -178,   48,  194, -659, 1201,-1765, 2033,-1702, -421,27062,10042,-5303, 3105,-1623,  557,   56, -360,  369, -294,  154,  122,    4,
   54,  216, -175,   41,  203, -667, 1202,-1752, 1993,-1621, -575,26977,10266,-5345, 3100,-1603,  534,   73, -371,  374, -294,  152,  123,    4,
   53,  216, -171,   35,  211, -674, 1203,-1737, 1953,-1540, -728,26889,10491,-5385, 3094,-1582,  512,   91, -382,  378, -294,  149,  125,    4,
   52,  216, -168,   28,  220, -681, 1203,-1722, 1913,-1460, -879,26798,10716,-5423, 3087,-1560,  489,  109, -392,  382, -294,  147,  126,    4,
   51,  215, -164,   22,  228, -688, 1203,-1707, 1872,-1379,-1027,26705,10941,-5460, 3079,-1537,  465,  126, -403,  386, -294,  144,  127,    5,
   50,  215, -160,   15,  236, -695, 1202,-1691, 1831,-1299,-1174,26608,11166,-5495, 3069,-1514,  442,  144, -413,  391, -294,  142,  129,    5,
   49,  215, -157,    9,  244, -701, 1201,-1675, 1789,-1219,-1318,26508,11392,-5529, 3059,-1490,  418,  162, -424,  395, -294,  139,  130,    5,
   48,  215, -153,    3,  252, -707, 1200,-1658, 1747,-1139,-1460,26406,11618,-5561, 3047,-1466,  394,  180, -434,  398, -294,  137,  132,    5,
   47,  215, -149,   -4,  260, -713, 1198,-1641, 1705,-1059,-1600,26301,11844,-5592, 3034,-1441,  370,  198, -444,  402, -293,  134,  133,    5,
   46,  215, -145,  -10,  267, -719, 1196,-1623, 1663, -980,-1738,26193,12069,-5621, 3020,-1415,  345,  216, -454,  406, -293,  131,  135,    6,
   45,  214, -141,  -16,  275, -724, 1193,-1605, 1620, -900,-1874,26082,12295,-5648, 3005,-1389,  320,  234, -464,  409, -292,  129,  136,    6,
   44,  214, -138,  -23,  282, -729, 1190,-1586, 1576, -821,-2007,25968,12521,-5673, 2989,-1362,  295,  252, -474,  413, -292,  126,  138,    6,
   43,  214, -134,  -29,  289, -734, 1187,-1567, 1533, -742,-2139,25852,12747,-5697, 2972,-1335,  270,  270, -484,  416, -291,  123,  139,    6,
   42,  214, -130,  -35,  296, -738, 1183,-1548, 1489, -664,-2268,25733,12972,-5719, 2954,-1307,  245,  288, -494,  419, -290,  120,  140,    7,
   41,  213, -126,  -41,  303, -743, 1179,-1528, 1445, -586,-2395,25611,13198,-5739, 2934,-1278,  219,  306, -503,  422, -289,  118,  142,    7,
   41,  213, -122,  -47,  310, -747, 1174,-1508, 1400, -508,-2520,25487,13423,-5758, 2914,-1249,  193,  324, -513,  425, -288,  115,  143,    7,
   40,  212, -118,  -53,  317, -750, 1170,-1487, 1356, -431,-2642,25359,13648,-5774, 2892,-1219,  167,  342, -522,  428, -287,  112,  145,    7,
   39,  212, -114,  -59,  323, -754, 1164,-1466, 1311, -354,-2762,25229,13873,-5789, 2869,-1188,  140,  360, -531,  431, -286,  109,  146,    8,
   38,  211, -110,  -65,  329, -757, 1159,-1444, 1266, -277,-2880,25097,14097,-5802, 2845,-1157,  114,  377, -541,  433, -285,  106,  148,    8,
   37,  211, -106,  -71,  336, -760, 1153,-1423, 1221, -201,-2996,24962,14321,-5813, 2820,-1126,   87,  395, -550,  436, -284,  103,  149,    8,
   37,  210, -102,  -77,  342, -762, 1146,-1400, 1176, -125,-3109,24824,14544,-5822, 2793,-1094,   60,  413, -559,  438, -282,  100,  151,    8,
   36,  210,  -98,  -83,  348, -765, 1140,-1378, 1130,  -50,-3220,24684,14767,-5829, 2766,-1061,   33,  431, -567,  440, -281,   96,  152,    9,
   35,  209,  -94,  -88,  353, -767, 1133,-1355, 1085,   25,-3329,24542,14990,-5835, 2737,-1028,    6,  449, -576,  442, -279,   93,  153,    9,
   34,  208,  -90,  -94,  359, -769, 1125,-1332, 1039,   99,-3435,24397,15212,-5838, 2708, -994,  -22,  466, -585,  444, -277,   90,  155,    9,
   33,  208,  -86, -100,  364, -770, 1118,-1308,  993,  172,-3539,24249,15433,-5839, 2677, -960,  -49,  484, -593,  446, -276,   87,  156,   10,
   33,  207,  -82, -105,  370, -772, 1109,-1284,  947,  245,-3641,24099,15654,-5839, 2645, -925,  -77,  502, -601,  448, -274,   84,  158,   10,
   32,  206,  -78, -111,  375, -773, 1101,-1260,  901,  318,-3740,23947,15874,-5836, 2612, -890, -105,  519, -609,  449, -272,   80,  159,   10,
   31,  206,  -74, -116,  380, -774, 1092,-1236,  856,  390,-3838,23792,16093,-5832, 2578, -854, -133,  536, -617,  451, -270,   77,  160,   11,
   31,  205,  -70, -121,  385, -774, 1083,-1211,  810,  461,-3932,23636,16311,-5825, 2542, -818, -161,  554, -625,  452, -268,   74,  162,   11,
   30,  204,  -66, -127,  389, -775, 1074,-1186,  764,  531,-4025,23476,16529,-5816, 2506, -781, -189,  571, -633,  453, -265,   70,  163,   11,
   29,  203,  -62, -132,  394, -775, 1064,-1161,  718,  601,-4115,23315,16746,-5805, 2469, -744, -217,  588, -640,  454, -263,   67,  164,   12,
   28,  202,  -58, -137,  398, -774, 1054,-1135,  672,  670,-4203,23151,16962,-5792, 2430, -706, -245,  605, -647,  455, -261,   63,  166,   12,
   28,  202,  -54, -142,  402, -774, 1044,-1110,  626,  739,-4288,22985,17177,-5777, 2390, -668, -274,  622, -654,  455, -258,   60,  167,   12,
   27,  201,  -50, -147,  407, -773, 1033,-1084,  580,  807,-4371,22817,17391,-5760, 2350, -629, -302,  639, -661,  456, -255,   57,  169,   13,
   26,  200,  -46, -152,  410, -772, 1023,-1057,  534,  874,-4452,22647,17604,-5741, 2308, -590, -330,  655, -668,  456, -253,   53,  170,   13,
   26,  199,  -42, -157,  414, -771, 1011,-1031,  488,  940,-4530,22475,17815,-5719, 2265, -551, -359,  672, -675,  456, -250,   49,  171,   14,
   25,  198,  -38, -162,  418, -770, 1000,-1004,  442, 1005,-4607,22301,18026,-5696, 2221, -511, -387,  688, -681,  456, -247,   46,  173,   14,
   25,  197,  -34, -166,  421, -768,  988, -978,  397, 1070,-4680,22125,18236,-5670, 2176, -471, -416,  704, -687,  456, -244,   42,  174,   14,
   24,  196,  -30, -171,  424, -766,  976, -951,  351, 1134,-4752,21946,18444,-5642, 2130, -431, -445,  720, -693,  456, -241,   39,  175,   15,
   23,  195,  -26, -176,  428, -764,  964, -923,  306, 1197,-4821,21766,18651,-5612, 2083, -390, -473,  736, -699,  455, -238,   35,  176,   15,
   23,  194,  -23, -180,  430, -762,  951, -896,  261, 1259,-4887,21584,18857,-5579, 2035, -348, -502,  752, -705,  455, -235,   31,  178,   16,
   22,  193,  -19, -185,  433, -759,  939, -869,  216, 1321,-4952,21400,19062,-5545, 1986, -307, -530,  768, -710,  454, -231,   28,  179,   16,
   22,  192,  -15, -189,  436, -756,  926, -841,  171, 1381,-5014,21215,19265,-5508, 1935, -265, -559,  783, -715,  453, -228,   24,  180,   17,
   21,  191,  -11, -193,  438, -753,  912, -813,  126, 1441,-5074,21027,19467,-5469, 1884, -222, -587,  798, -720,  452, -224,   20,  181,   17,
   21,  190,   -7, -197,  441, -750,  899, -785,   82, 1499,-5131,20838,19668,-5427, 1832, -180, -616,  813, -725,  451, -221,   16,  183,   18,
   20,  188,   -3, -202,  443, -746,  885, -757,   38, 1557,-5186,20647,19867,-5384, 1779, -137, -644,  828, -730,  450, -217,   12,  184,   18,
   20,  187,    1, -206,  445, -743,  871, -729,   -6, 1614,-5239,20454,20064,-5338, 1725,  -94, -673,  843, -734,  448, -213,    9,  185,   19,
   19,  186,    5, -209,  447, -739,  857, -701,  -50, 1670,-5289,20260,20260,-5289, 1670,  -50, -701,  857, -739,  447, -209,    5,  186,   19,
   19,  185,    9, -213,  448, -734,  843, -673,  -94, 1725,-5338,20064,20454,-5239, 1614,   -6, -729,  871, -743,  445, -206,    1,  187,   20,
   18,  184,   12, -217,  450, -730,  828, -644, -137, 1779,-5384,19867,20647,-5186, 1557,   38, -757,  885, -746,  443, -202,   -3,  188,   20,
   18,  183,   16, -221,  451, -725,  813, -616, -180, 1832,-5427,19668,20838,-5131, 1499,   82, -785,  899, -750,  441, -197,   -7,  190,   21,
   17,  181,   20, -224,  452, -720,  798, -587, -222, 1884,-5469,19467,21027,-5074, 1441,  126, -813,  912, -753,  438, -193,  -11,  191,   21,
   17,  180,   24, -228,  453, -715,  783, -559, -265, 1935,-5508,19265,21215,-5014, 1381,  171, -841,  926, -756,  436, -189,  -15,  192,   22,
   16,  179,   28, -231,  454, -710,  768, -530, -307, 1986,-5545,19062,21400,-4952, 1321,  216, -869,  939, -759,  433, -185,  -19,  193,   22,
   16,  178,   31, -235,  455, -705,  752, -502, -348, 2035,-5579,18857,21584,-4887, 1259,  261, -896,  951, -762,  430, -180,  -23,  194,   23,
   15,  176,   35, -238,  455, -699,  736, -473, -390, 2083,-5612,18651,21766,-4821, 1197,  306, -923,  964, -764,  428, -176,  -26,  195,   23,
   15,  175,   39, -241,  456, -693,  720, -445, -431, 2130,-5642,18444,21946,-4752, 1134,  351, -951,  976, -766,  424, -171,  -30,  196,   24,
   14,  174,   42, -244,  456, -687,  704, -416, -471, 2176,-5670,18236,22125,-4680, 1070,  397, -978,  988, -768,  421, -166,  -34,  197,   25,
   14,  173,   46, -247,  456, -681,  688, -387, -511, 2221,-5696,18026,22301,-4607, 1005,  442,-1004, 1000, -770,  418, -162,  -38,  198,   25,
   14,  171,   49, -250,  456, -675,  672, -359, -551, 2265,-5719,17815,22475,-4530,  940,  488,-1031, 1011, -771,  414, -157,  -42,  199,   26,
   13,  170,   53, -253,  456, -668,  655, -330, -590, 2308,-5741,17604,22647,-4452,  874,  534,-1057, 1023, -772,  410, -152,  -46,  200,   26,
   13,  169,   57, -255,  456, -661,  639, -302, -629, 2350,-5760,17391,22817,-4371,  807,  580,-1084, 1033, -773,  407, -147,  -50,  201,   27,
   12,  167,   60, -258,  455, -654,  622, -274, -668, 2390,-5777,17177,22985,-4288,  739,  626,-1110, 1044, -774,  402, -142,  -54,  202,   28,
   12,  166,   63, -261,  455, -647,  605, -245, -706, 2430,-5792,16962,23151,-4203,  670,  672,-1135, 1054, -774,  398, -137,  -58,  202,   28,
   12,  164,   67, -263,  454, -640,  588, -217, -744, 2469,-5805,16746,23315,-4115,  601,  718,-1161, 1064, -775,  394, -132,  -62,  203,   29,
   11,  163,   70, -265,  453, -633,  571, -189, -781, 2506,-5816,16529,23476,-4025,  531,  764,-1186, 1074, -775,  389, -127,  -66,  204,   30,
   11,  162,   74, -268,  452, -625,  554, -161, -818, 2542,-5825,16311,23636,-3932,  461,  810,-1211, 1083, -774,  385, -121,  -70,  205,   31,
   11,  160,   77, -270,  451, -617,  536, -133, -854, 2578,-5832,16093,23792,-3838,  390,  856,-1236, 1092, -774,  380, -116,  -74,  206,   31,
   10,  159,   80, -272,  449, -609,  519, -105, -890, 2612,-5836,15874,23947,-3740,  318,  901,-1260, 1101, -773,  375, -111,  -78,  206,   32,
   10,  158,   84, -274,  448, -601,  502,  -77, -925, 2645,-5839,15654,24099,-3641,  245,  947,-1284, 1109, -772,  370, -105,  -82,  207,   33,
   10,  156,   87, -276,  446, -593,  484,  -49, -960, 2677,-5839,15433,24249,-3539,  172,  993,-1308, 1118, -770,  364, -100,  -86,  208,   33,
    9,  155,   90, -277,  444, -585,  466,  -22, -994, 2708,-5838,15212,24397,-3435,   99, 1039,-1332, 1125, -769,  359,  -94,  -90,  208,   34,
    9,  153,   93, -279,  442, -576,  449,    6,-1028, 2737,-5835,14990,24542,-3329,   25, 1085,-1355, 1133, -767,  353,  -88,  -94,  209,   35,
    9,  152,   96, -281,  440, -567,  431,   33,-1061, 2766,-5829,14767,24684,-3220,  -50, 1130,-1378, 1140, -765,  348,  -83,  -98,  210,   36,
    8,  151,  100, -282,  438, -559,  413,   60,-1094, 2793,-5822,14544,24824,-3109, -125, 1176,-1400, 1146, -762,  342,  -77, -102,  210,   37,
    8,  149,  103, -284,  436, -550,  395,   87,-1126, 2820,-5813,14321,24962,-2996, -201, 1221,-1423, 1153, -760,  336,  -71, -106,  211,   37,
    8,  148,  106, -285,  433, -541,  377,  114,-1157, 2845,-5802,14097,25097,-2880, -277, 1266,-1444, 1159, -757,  329,  -65, -110,  211,   38,
    8,  146,  109, -286,  431, -531,  360,  140,-1188, 2869,-5789,13873,25229,-2762, -354, 1311,-1466, 1164, -754,  323,  -59, -114,  212,   39,
    7,  145,  112, -287,  428, -522,  342,  167,-1219, 2892,-5774,13648,25359,-2642, -431, 1356,-1487, 1170, -750,  317,  -53, -118,  212,   40,
    7,  143,  115, -288,  425, -513,  324,  193,-1249, 2914,-5758,13423,25487,-2520, -508, 1400,-1508, 1174, -747,  310,  -47, -122,  213,   41,
    7,  142,  118, -289,  422, -503,  306,  219,-1278, 2934,-5739,13198,25611,-2395, -586, 1445,-1528, 1179, -743,  303,  -41, -126,  213,   41,
    7,  140,  120, -290,  419, -494,  288,  245,-1307, 2954,-5719,12972,25733,-2268, -664, 1489,-1548, 1183, -738,  296,  -35, -130,  214,   42,
    6,  139,  123, -291,  416, -484,  270,  270,-1335, 2972,-5697,12747,25852,-2139, -742, 1533,-1567, 1187, -734,  289,  -29, -134,  214,   43,
    6,  138,  126, -292,  413, -474,  252,  295,-1362, 2989,-5673,12521,25968,-2007, -821, 1576,-1586, 1190, -729,  282,  -23, -138,  214,   44,
    6,  136,  129, -292,  409, -464,  234,  320,-1389, 3005,-5648,12295,26082,-1874, -900, 1620,-1605, 1193, -724,  275,  -16, -141,  214,   45,
    6,  135,  131, -293,  406, -454,  216,  345,-1415, 3020,-5621,12069,26193,-1738, -980, 1663,-1623, 1196, -719,  267,  -10, -145,  215,   46,
    5,  133,  134, -293,  402, -444,  198,  370,-1441, 3034,-5592,11844,26301,-1600,-1059, 1705,-1641, 1198, -713,  260,   -4, -149,  215,   47,
    5,  132,  137, -294,  398, -434,  180,  394,-1466, 3047,-5561,11618,26406,-1460,-1139, 1747,-1658, 1200, -707,  252,    3, -153,  215,   48,
    5,  130,  139, -294,  395, -424,  162,  418,-1490, 3059,-5529,11392,26508,-1318,-1219, 1789,-1675, 1201, -701,  244,    9, -157,  215,   49,
    5,  129,  142, -294,  391, -413,  144,  442,-1514, 3069,-5495,11166,26608,-1174,-1299, 1831,-1691, 1202, -695,  236,   15, -160,  215,   50,
    5,  127,  144, -294,  386, -403,  126,  465,-1537, 3079,-5460,10941,26705,-1027,-1379, 1872,-1707, 1203, -688,  228,   22, -164,  215,   51,
    4,  126,  147, -294,  382, -392,  109,  489,-1560, 3087,-5423,10716,26798, -879,-1460, 1913,-1722, 1203, -681,  220,   28, -168,  216,   52,
    4,  125,  149, -294,  378, -382,   91,  512,-1582, 3094,-5385,10491,26889, -728,-1540, 1953,-1737, 1203, -674,  211,   35, -171,  216,   53,
    4,  123,  152, -294,  374, -371,   73,  534,-1603, 3100,-5345,10266,26977, -575,-1621, 1993,-1752, 1202, -667,  203,   41, -175,  216,   54,
    4,  122,  154, -294,  369, -360,   56,  557,-1623, 3105,-5303,10042,27062, -421,-1702, 2033,-1765, 1201, -659,  194,   48, -178,  215,   55,
    4,  120,  156, -293,  365, -350,   38,  579,-1643, 3109,-5260, 9817,27143, -264,-1782, 2072,-1779, 1200, -651,  185,   54, -182,  215,   56,
    4,  119,  158, -293,  360, -339,   21,  600,-1662, 3112,-5216, 9594,27222, -105,-1863, 2111,-1791, 1198, -643,  176,   61, -186,  215,   57,
    3,  117,  161, -292,  355, -328,    3,  622,-1681, 3114,-5170, 9371,27298,   56,-1943, 2149,-1804, 1196, -635,  168,   68, -189,  215,   58,
    3,  116,  163, -292,  350, -317,  -14,  643,-1699, 3114,-5123, 9148,27371,  218,-2024, 2186,-1815, 1193, -626,  158,   74, -192,  215,   59,
    3,  114,  165, -291,  345, -306,  -31,  663,-1716, 3114,-5075, 8926,27441,  383,-2104, 2223,-1827, 1190, -617,  149,   81, -196,  215,   60,
    3,  113,  167, -290,  340, -295,  -48,  684,-1732, 3112,-5025, 8704,27507,  550,-2184, 2260,-1837, 1186, -608,  140,   87, -199,  214,   61,
    3,  112,  169, -289,  335, -284,  -65,  704,-1748, 3110,-4974, 8483,27571,  718,-2265, 2296,-1847, 1182, -599,  131,   94, -203,  214,   62,
    3,  110,  171, -288,  330, -273,  -82,  724,-1763, 3106,-4922, 8263,27631,  888,-2345, 2331,-1857, 1178, -589,  121,  101, -206,  214,   63,
    3,  109,  173, -287,  325, -262,  -99,  743,-1778, 3102,-4868, 8043,27689, 1061,-2424, 2366,-1865, 1173, -579,  112,  107, -209,  213,   64,
    3,  107,  175, -286,  319, -251, -115,  762,-1792, 3096,-4813, 7824,27743, 1235,-2504, 2400,-1874, 1168, -569,  102,  114, -212,  213,   65,
    2,  106,  177, -285,  314, -240, -132,  781,-1805, 3090,-4757, 7606,27794, 1411,-2583, 2433,-1882, 1162, -558,   92,  121, -215,  212,   66,
    2,  105,  178, -284,  308, -229, -148,  799,-1817, 3082,-4700, 7388,27842, 1588,-2662, 2466,-1889, 1156, -548,   82,  127, -219,  212,   68,
    2,  103,  180, -283,  303, -218, -164,  817,-1829, 3073,-4642, 7172,27887, 1768,-2741, 2499,-1895, 1150, -537,   72,  134, -222,  211,   69,
    2,  102,  182, -281,  297, -207, -181,  834,-1840, 3064,-4582, 6956,27928, 1949,-2819, 2530,-1901, 1143, -526,   62,  141, -225,  211,   70,
    2,  101,  184, -280,  291, -196, -196,  851,-1851, 3053,-4522, 6741,27967, 2132,-2897, 2561,-1906, 1136, -514,   52,  147, -228,  210,   71,
    2,   99,  185, -278,  286, -184, -212,  868,-1860, 3041,-4460, 6528,28002, 2316,-2974, 2591,-1911, 1128, -503,   42,  154, -230,  209,   72,
    2,   98,  187, -277,  280, -173, -228,  885,-1869, 3029,-4398, 6315,28034, 2502,-3052, 2621,-1915, 1120, -491,   32,  160, -233,  209,   73,
    2,   96,  188, -275,  274, -162, -243,  901,-1878, 3015,-4334, 6103,28063, 2690,-3128, 2650,-1919, 1111, -479,   21,  167, -236,  208,   75,
    2,   95,  190, -273,  268, -151, -259,  916,-1886, 3001,-4270, 5892,28089, 2880,-3204, 2678,-1921, 1102, -467,   11,  173, -239,  207,   76,
    1,   94,  191, -271,  262, -140, -274,  931,-1893, 2985,-4204, 5682,28111, 3071,-3280, 2705,-1924, 1092, -454,    1,  180, -242,  206,   77,
    1,   92,  193, -269,  256, -129, -289,  946,-1899, 2969,-4138, 5474,28131, 3263,-3355, 2731,-1925, 1083, -442,  -10,  187, -244,  205,   78,
    1,   91,  194, -267,  250, -118, -304,  961,-1905, 2952,-4070, 5266,28147, 3457,-3430, 2757,-1926, 1072, -429,  -21,  193, -247,  204,   80,
    1,   90,  195, -265,  244, -107, -318,  975,-1910, 2933,-4002, 5060,28160, 3653,-3504, 2782,-1926, 1062, -416,  -31,  199, -249,  203,   81,
    1,   88,  197, -263,  237,  -96, -333,  988,-1914, 2914,-3933, 4855,28169, 3850,-3577, 2806,-1926, 1050, -402,  -42,  206, -252,  202,   82,
    1,   87,  198, -261,  231,  -85, -347, 1002,-1918, 2894,-3864, 4651,28176, 4048,-3650, 2830,-1925, 1039, -389,  -53,  212, -254,  201,   83,
    8,   86,  199, -259,  225,  -74, -361, 1014,-1921, 2874,-3793, 4449,28179, 4248,-3722, 2852,-1923, 1027, -375,  -64,  219, -257,  200,   85,
