//single phase coef Number:=42,    upsample factor:=160,     downsample factor:=147
    -5,   87,  259,  -85,   25,   27,
  -89,  171, -274,  398, -541,  699,
 -866, 1036,-1202, 1357,-1493, 1601,
-1671, 1674,30583, 1872,-1764, 1657,
-1529, 1380,-1217, 1044, -869,  699,
 -539,  395, -270,  167,  -85,   24,
   27,  -88,  258,   88,   -5,   -2,
   -5,   85,  259,  -83,   22,   30,
  -93,  175, -278,  402, -543,  699,
 -862, 1028,-1188, 1334,-1456, 1545,
-1578, 1477,30580, 2072,-1858, 1712,
-1564, 1403,-1230, 1052, -872,  699,
 -537,  392, -266,  163,  -82,   20,
   30,  -90,  258,   89,   -5,    0,
   -5,   84,  259,  -81,   19,   33,
  -96,  178, -281,  404, -545,  698,
 -859, 1019,-1173, 1310,-1420, 1488,
-1484, 1283,30573, 2274,-1951, 1768,
-1599, 1425,-1244, 1059, -875,  699,
 -535,  388, -262,  159,  -78,   17,
   33,  -92,  257,   91,   -5,    0,
   -5,   83,  259,  -78,   16,   37,
 -100,  182, -285,  407, -546,  697,
 -854, 1011,-1158, 1286,-1383, 1431,
-1391, 1090,30562, 2478,-2044, 1823,
-1634, 1447,-1257, 1066, -877,  698,
 -532,  385, -258,  155,  -74,   14,
   36,  -95,  257,   92,   -5,    0,
   -5,   81,  260,  -76,   13,   40,
 -103,  186, -288,  410, -548,  696,
 -850, 1002,-1142, 1261,-1345, 1374,
-1298,  900,30548, 2684,-2137, 1877,
-1668, 1469,-1270, 1072, -879,  697,
 -529,  381, -254,  151,  -70,   10,
   39,  -97,  257,   93,   -5,    0,
   -5,   80,  260,  -73,   10,   43,
 -107,  189, -292,  413, -549,  695,
 -845,  992,-1126, 1236,-1308, 1317,
-1205,  711,30530, 2891,-2230, 1932,
-1702, 1490,-1282, 1078, -881,  696,
 -526,  377, -250,  146,  -66,    7,
   42,  -99,  256,   95,   -4,    0,
   -5,   79,  260,  -71,    7,   46,
 -110,  193, -295,  415, -549,  694,
 -840,  982,-1110, 1211,-1270, 1259,
-1113,  525,30509, 3100,-2323, 1985,
-1736, 1510,-1294, 1084, -883,  695,
 -523,  373, -245,  142,  -63,    3,
   44, -101,  256,   96,   -4,    0,
   -5,   78,  260,  -68,    4,   49,
 -114,  196, -298,  417, -550,  692,
 -835,  972,-1093, 1185,-1231, 1202,
-1020,  340,30485, 3311,-2416, 2039,
-1768, 1530,-1305, 1089, -884,  693,
 -520,  368, -241,  138,  -59,    0,
   47, -103,  255,   97,   -4,    0,
   -5,   76,  260,  -66,    1,   53,
 -117,  200, -301,  419, -551,  690,
 -830,  962,-1076, 1159,-1193, 1144,
 -928,  158,30457, 3524,-2508, 2092,
-1801, 1550,-1316, 1094, -885,  691,
 -516,  364, -236,  133,  -55,   -3,
   50, -105,  254,   99,   -4,    0,
   -5,   75,  260,  -63,   -1,   56,
 -120,  203, -304,  421, -551,  688,
 -824,  951,-1059, 1133,-1154, 1086,
 -836,  -22,30425, 3738,-2600, 2144,
-1833, 1569,-1327, 1099, -886,  689,
 -513,  360, -231,  129,  -51,   -7,
   53, -107,  254,  100,   -4,    0,
   -5,   74,  260,  -61,   -4,   59,
 -124,  206, -307,  423, -551,  685,
 -818,  940,-1041, 1106,-1115, 1028,
 -745, -200,30390, 3954,-2692, 2196,
-1864, 1588,-1337, 1103, -886,  687,
 -509,  355, -226,  124,  -47,  -10,
   56, -109,  253,  102,   -4,    0,
   -5,   73,  260,  -58,   -7,   62,
 -127,  209, -309,  425, -551,  683,
 -812,  929,-1023, 1079,-1075,  970,
 -653, -376,30351, 4171,-2784, 2248,
-1895, 1606,-1347, 1107, -886,  684,
 -505,  350, -222,  120,  -43,  -14,
   58, -112,  253,  103,   -4,    0,
   -5,   72,  260,  -55,  -10,   65,
 -130,  212, -312,  426, -551,  680,
 -805,  917,-1005, 1052,-1036,  912,
 -562, -550,30309, 4390,-2875, 2298,
-1925, 1624,-1356, 1111, -886,  681,
 -501,  345, -217,  115,  -38,  -17,
   61, -113,  252,  104,   -4,    0,
   -5,   70,  260,  -53,  -13,   68,
 -133,  215, -314,  428, -550,  677,
 -798,  905, -986, 1025, -996,  854,
 -472, -721,30264, 4610,-2966, 2349,
-1955, 1641,-1365, 1114, -885,  678,
 -496,  340, -212,  110,  -34,  -20,
   64, -115,  251,  106,   -4,    0,
   -5,   69,  260,  -50,  -16,   71,
 -136,  218, -317,  429, -550,  673,
 -791,  893, -967,  997, -956,  795,
 -382, -890,30215, 4832,-3057, 2399,
-1984, 1658,-1374, 1117, -884,  675,
 -492,  335, -206,  105,  -30,  -24,
   67, -117,  250,  107,   -4,    0,
   -5,   68,  260,  -48,  -19,   74,
 -139,  221, -319,  430, -549,  670,
 -784,  881, -948,  969, -916,  737,
 -292,-1057,30162, 5055,-3147, 2448,
-2013, 1674,-1382, 1120, -883,  672,
 -487,  330, -201,  101,  -26,  -27,
   69, -119,  250,  109,   -4,    0,
   -5,   67,  260,  -45,  -21,   77,
 -142,  224, -321,  431, -548,  666,
 -776,  868, -929,  941, -876,  679,
 -203,-1222,30106, 5280,-3236, 2496,
-2041, 1690,-1389, 1122, -881,  668,
 -482,  324, -196,   96,  -22,  -31,
   72, -121,  249,  110,   -4,    0,
   -5,   66,  260,  -42,  -24,   80,
 -145,  226, -323,  432, -547,  662,
 -769,  855, -909,  912, -835,  621,
 -114,-1384,30047, 5506,-3325, 2544,
-2069, 1705,-1396, 1123, -880,  664,
 -477,  319, -190,   91,  -18,  -34,
   75, -123,  248,  112,   -4,    0,
   -5,   64,  259,  -39,  -27,   83,
 -148,  229, -325,  432, -546,  658,
 -760,  842, -890,  884, -795,  562,
  -26,-1544,29984, 5733,-3414, 2592,
-2095, 1720,-1403, 1125, -878,  660,
 -471,  313, -185,   86,  -14,  -38,
   77, -125,  247,  113,   -4,    0,
   -5,   63,  259,  -37,  -30,   86,
 -151,  231, -327,  433, -544,  654,
 -752,  829, -870,  855, -754,  504,
   62,-1702,29918, 5962,-3502, 2638,
-2122, 1734,-1409, 1126, -875,  655,
 -466,  307, -179,   81,   -9,  -41,
   80, -126,  246,  114,   -3,    0,
   -5,   62,  259,  -34,  -33,   88,
 -153,  234, -328,  433, -542,  649,
 -744,  815, -849,  826, -713,  446,
  149,-1857,29849, 6191,-3589, 2684,
-2147, 1747,-1415, 1126, -872,  650,
 -460,  301, -174,   76,   -5,  -44,
   83, -128,  245,  116,   -3,    0,
   -5,   61,  259,  -31,  -35,   91,
 -156,  236, -330,  433, -540,  644,
 -735,  801, -829,  797, -672,  388,
  236,-2010,29776, 6422,-3676, 2729,
-2172, 1760,-1420, 1127, -869,  646,
 -454,  295, -168,   71,   -1,  -48,
   85, -130,  244,  117,   -3,    0,
   -5,   60,  258,  -28,  -38,   94,
 -159,  238, -331,  433, -538,  639,
 -726,  787, -808,  767, -631,  331,
  322,-2160,29700, 6654,-3762, 2774,
-2197, 1773,-1425, 1126, -866,  640,
 -448,  289, -162,   66,    3,  -51,
   88, -131,  243,  119,   -3,    0,
   -5,   59,  258,  -26,  -41,   97,
 -161,  240, -332,  433, -536,  634,
 -717,  773, -787,  737, -590,  273,
  407,-2309,29620, 6888,-3848, 2818,
-2220, 1784,-1429, 1126, -862,  635,
 -442,  283, -157,   61,    8,  -54,
   90, -133,  242,  120,   -3,   -1,
   -5,   58,  258,  -23,  -44,   99,
 -164,  242, -334,  433, -534,  629,
 -707,  758, -766,  708, -549,  215,
  492,-2454,29538, 7122,-3932, 2861,
-2243, 1796,-1433, 1125, -859,  629,
 -436,  277, -151,   56,   12,  -58,
   93, -134,  241,  122,   -3,   -1,
   -5,   57,  257,  -20,  -46,  102,
 -166,  244, -335,  432, -531,  623,
 -698,  743, -744,  678, -508,  158,
  576,-2598,29451, 7357,-4016, 2903,
-2265, 1806,-1437, 1124, -854,  624,
 -429,  270, -145,   50,   16,  -61,
   95, -136,  240,  123,   -3,   -1,
   -5,   56,  257,  -17,  -49,  104,
 -169,  246, -336,  432, -528,  617,
 -688,  728, -723,  648, -466,  101,
  659,-2738,29362, 7594,-4099, 2944,
-2287, 1816,-1439, 1122, -850,  617,
 -423,  263, -139,   45,   20,  -65,
   98, -137,  239,  125,   -3,   -1,
   -5,   55,  257,  -14,  -52,  107,
 -171,  248, -336,  431, -526,  611,
 -678,  713, -701,  618, -425,   44,
  742,-2877,29269, 7831,-4182, 2985,
-2308, 1826,-1442, 1120, -845,  611,
 -416,  257, -132,   40,   25,  -68,
  100, -139,  238,  126,   -2,   -1,
   -5,   54,  256,  -11,  -55,  109,
 -173,  250, -337,  430, -522,  605,
 -668,  698, -679,  587, -384,  -13,
  823,-3013,29173, 8069,-4263, 3024,
-2328, 1835,-1444, 1117, -840,  605,
 -409,  250, -126,   35,   29,  -71,
  103, -140,  236,  128,   -2,   -1,
   -5,   52,  256,   -9,  -57,  112,
 -175,  251, -338,  429, -519,  599,
 -657,  682, -657,  557, -343,  -69,
  904,-3146,29074, 8308,-4343, 3063,
-2348, 1843,-1445, 1114, -834,  598,
 -402,  243, -120,   29,   33,  -75,
  105, -142,  235,  129,   -2,   -1,
   -5,   51,  255,   -6,  -60,  114,
 -177,  253, -338,  428, -516,  592,
 -647,  666, -634,  526, -301, -125,
  985,-3277,28972, 8548,-4423, 3101,
-2366, 1851,-1446, 1111, -828,  591,
 -394,  236, -114,   24,   38,  -78,
  107, -143,  234,  131,   -2,   -1,
   -4,   50,  255,   -3,  -62,  117,
 -179,  254, -339,  427, -512,  585,
 -636,  650, -612,  496, -260, -181,
 1064,-3405,28866, 8789,-4502, 3139,
-2384, 1858,-1446, 1107, -822,  584,
 -387,  229, -107,   19,   42,  -81,
  110, -144,  232,  132,   -2,   -1,
   -4,   49,  254,    0,  -65,  119,
 -181,  256, -339,  426, -508,  578,
 -625,  634, -589,  465, -219, -237,
 1143,-3531,28757, 9030,-4579, 3175,
-2401, 1864,-1446, 1103, -816,  576,
 -379,  222, -101,   13,   46,  -84,
  112, -145,  231,  134,   -2,   -1,
   -4,   48,  253,    3,  -68,  121,
 -183,  257, -339,  424, -505,  571,
 -614,  618, -567,  434, -178, -292,
 1220,-3654,28646, 9272,-4656, 3210,
-2418, 1870,-1446, 1099, -809,  569,
 -371,  214,  -95,    8,   51,  -88,
  114, -147,  230,  135,   -2,   -1,
   -4,   47,  253,    6,  -70,  124,
 -185,  258, -339,  422, -500,  564,
 -602,  601, -544,  404, -137, -347,
 1297,-3775,28531, 9515,-4732, 3245,
-2434, 1875,-1445, 1094, -802,  561,
 -363,  207,  -88,    2,   55,  -91,
  116, -148,  228,  137,   -1,   -1,
   -4,   46,  252,    9,  -73,  126,
 -187,  259, -339,  421, -496,  557,
 -591,  585, -521,  373,  -97, -401,
 1373,-3893,28412, 9758,-4806, 3278,
-2448, 1880,-1443, 1089, -795,  553,
 -355,  200,  -82,   -3,   59,  -94,
  119, -149,  227,  138,   -1,   -1,
   -4,   45,  252,   12,  -75,  128,
 -189,  260, -339,  419, -492,  549,
 -579,  568, -498,  342,  -56, -455,
 1448,-4009,28291,10002,-4879, 3310,
-2463, 1884,-1441, 1083, -788,  544,
 -347,  192,  -75,   -8,   63,  -97,
  121, -150,  226,  140,   -1,   -1,
   -4,   45,  251,   15,  -78,  130,
 -190,  261, -339,  417, -487,  541,
 -567,  551, -475,  311,  -15, -509,
 1522,-4122,28167,10247,-4952, 3342,
-2476, 1887,-1439, 1077, -780,  536,
 -339,  184,  -68,  -14,   68, -100,
  123, -151,  224,  141,   -1,   -1,
   -4,   44,  250,   18,  -80,  132,
 -192,  262, -338,  414, -483,  533,
 -555,  534, -451,  280,   25, -562,
 1595,-4233,28040,10492,-5023, 3372,
-2488, 1890,-1435, 1071, -772,  527,
 -330,  177,  -62,  -19,   72, -103,
  125, -152,  223,  143,   -1,   -1,
   -4,   43,  249,   20,  -83,  134,
 -194,  263, -338,  412, -478,  525,
 -543,  517, -428,  250,   65, -615,
 1667,-4340,27910,10737,-5092, 3402,
-2500, 1892,-1432, 1064, -763,  518,
 -322,  169,  -55,  -25,   76, -107,
  127, -153,  221,  145,    0,   -1,
   -4,   42,  249,   23,  -85,  136,
 -195,  263, -337,  410, -473,  517,
 -530,  499, -405,  219,  106, -668,
 1738,-4446,27776,10983,-5161, 3430,
-2511, 1893,-1428, 1057, -755,  509,
 -313,  161,  -48,  -30,   80, -110,
  129, -154,  219,  146,    0,   -1,
   -4,   41,  248,   26,  -87,  138,
 -196,  264, -336,  407, -468,  509,
 -518,  482, -381,  188,  145, -720,
 1808,-4548,27640,11229,-5228, 3458,
-2521, 1894,-1423, 1049, -746,  500,
 -304,  153,  -41,  -36,   85, -113,
  131, -155,  218,  148,    0,   -1,
   -4,   40,  247,   29,  -90,  140,
 -198,  264, -336,  404, -462,  500,
 -505,  464, -357,  157,  185, -771,
 1877,-4649,27501,11476,-5294, 3484,
-2530, 1894,-1418, 1041, -736,  490,
 -295,  145,  -34,  -41,   89, -116,
  133, -155,  216,  149,    0,   -1,
   -4,   39,  246,   32,  -92,  142,
 -199,  265, -335,  401, -457,  491,
 -493,  446, -334,  126,  225, -822,
 1945,-4746,27359,11723,-5359, 3509,
-2539, 1894,-1412, 1033, -727,  481,
 -286,  137,  -28,  -47,   93, -119,
  135, -156,  214,  151,    0,   -1,
   -4,   38,  246,   35,  -94,  144,
 -200,  265, -334,  398, -451,  482,
 -480,  429, -310,   96,  264, -873,
 2012,-4841,27215,11970,-5422, 3533,
-2546, 1892,-1406, 1024, -717,  471,
 -277,  128,  -21,  -52,   97, -122,
  137, -157,  213,  152,    1,   -1,
   -4,   37,  245,   38,  -97,  146,
 -201,  265, -332,  395, -446,  473,
 -467,  411, -286,   65,  303, -923,
 2078,-4933,27067,12217,-5484, 3556,
-2553, 1891,-1400, 1015, -707,  461,
 -267,  120,  -14,  -58,  101, -125,
  139, -158,  211,  154,    1,   -1,
   -4,   36,  244,   41,  -99,  147,
 -202,  265, -331,  392, -440,  464,
 -454,  393, -263,   35,  342, -972,
 2143,-5023,26917,12464,-5544, 3578,
-2559, 1888,-1393, 1006, -697,  451,
 -258,  112,   -7,  -63,  105, -127,
  140, -158,  209,  155,    1,   -1,
   -4,   36,  243,   44, -101,  149,
 -203,  265, -330,  389, -434,  455,
 -440,  375, -239,    4,  381,-1021,
 2206,-5110,26763,12711,-5603, 3599,
-2564, 1885,-1385,  996, -686,  440,
 -248,  103,    0,  -69,  109, -130,
  142, -159,  207,  157,    1,   -1,
   -4,   35,  242,   47, -103,  150,
 -204,  265, -328,  385, -428,  446,
 -427,  357, -215,  -26,  419,-1070,
 2269,-5195,26608,12959,-5661, 3619,
-2568, 1881,-1377,  986, -675,  429,
 -238,   95,    7,  -74,  114, -133,
  144, -159,  206,  158,    2,   -1,
   -4,   34,  241,   50, -105,  152,
 -205,  265, -327,  382, -422,  436,
 -413,  338, -191,  -57,  457,-1118,
 2330,-5277,26449,13206,-5717, 3637,
-2571, 1877,-1368,  975, -664,  419,
 -229,   87,   14,  -80,  118, -136,
  146, -160,  204,  160,    2,   -1,
   -4,   33,  240,   53, -108,  154,
 -206,  265, -325,  378, -415,  427,
 -400,  320, -168,  -87,  495,-1165,
 2390,-5356,26288,13453,-5771, 3655,
-2573, 1871,-1359,  964, -653,  408,
 -219,   78,   21,  -85,  122, -139,
  147, -160,  202,  161,    2,   -1,
   -4,   32,  239,   56, -110,  155,
 -207,  265, -323,  374, -409,  417,
 -386,  302, -144, -117,  532,-1212,
 2449,-5433,26124,13701,-5824, 3671,
-2575, 1866,-1350,  953, -641,  397,
 -209,   69,   28,  -91,  126, -141,
  149, -161,  200,  163,    2,   -1,
   -4,   32,  238,   59, -112,  156,
 -207,  264, -321,  370, -402,  407,
 -372,  283, -120, -147,  569,-1258,
 2507,-5507,25957,13948,-5875, 3686,
-2575, 1859,-1340,  941, -629,  385,
 -199,   61,   35,  -96,  130, -144,
  150, -161,  198,  165,    3,   -1,
   -4,   31,  237,   61, -114,  158,
 -208,  264, -319,  366, -396,  397,
 -358,  265,  -97, -176,  606,-1303,
 2564,-5578,25788,14194,-5925, 3700,
-2575, 1852,-1329,  929, -617,  374,
 -188,   52,   42, -102,  133, -147,
  152, -161,  196,  166,    3,   -1,
   -4,   30,  236,   64, -116,  159,
 -208,  263, -317,  362, -389,  387,
 -344,  246,  -73, -206,  642,-1348,
 2619,-5647,25617,14441,-5973, 3712,
-2574, 1844,-1318,  917, -605,  362,
 -178,   43,   49, -107,  137, -149,
  153, -162,  194,  168,    3,   -1,
   -4,   29,  235,   67, -118,  160,
 -209,  263, -315,  358, -382,  377,
 -330,  228,  -49, -235,  679,-1392,
 2674,-5713,25442,14687,-6019, 3724,
-2572, 1836,-1306,  904, -592,  350,
 -168,   34,   56, -112,  141, -152,
  155, -162,  192,  169,    4,   -1,
   -3,   28,  234,   70, -119,  161,
 -209,  262, -313,  353, -375,  367,
 -316,  209,  -26, -265,  714,-1435,
 2727,-5777,25266,14933,-6063, 3734,
-2569, 1826,-1294,  891, -579,  338,
 -157,   26,   63, -118,  145, -154,
  156, -162,  190,  171,    4,   -1,
   -3,   28,  233,   73, -121,  163,
 -210,  261, -310,  349, -368,  356,
 -302,  191,   -2, -294,  750,-1478,
 2779,-5838,25087,15179,-6106, 3743,
-2565, 1817,-1282,  878, -566,  326,
 -146,   17,   70, -123,  149, -157,
  157, -162,  188,  172,    4,   -1,
   -3,   27,  232,   76, -123,  164,
 -210,  260, -308,  344, -360,  346,
 -288,  172,   21, -323,  785,-1520,
 2829,-5897,24906,15424,-6147, 3750,
-2560, 1806,-1269,  864, -553,  314,
 -136,    8,   78, -128,  153, -159,
  159, -162,  186,  174,    5,   -1,
   -3,   26,  231,   79, -125,  165,
 -210,  259, -305,  339, -353,  335,
 -274,  154,   45, -351,  819,-1561,
 2878,-5953,24722,15669,-6186, 3757,
-2555, 1795,-1255,  850, -539,  302,
 -125,   -1,   85, -134,  156, -161,
  160, -162,  184,  175,    5,   -2,
   -3,   26,  230,   82, -127,  166,
 -210,  258, -302,  335, -346,  325,
 -259,  135,   68, -380,  854,-1602,
 2926,-6006,24536,15913,-6223, 3762,
-2548, 1783,-1241,  835, -525,  289,
 -114,  -10,   92, -139,  160, -164,
  161, -162,  182,  177,    5,   -2,
   -3,   25,  229,   85, -128,  167,
 -210,  257, -300,  330, -338,  314,
 -245,  117,   91, -408,  887,-1642,
 2973,-6057,24348,16156,-6259, 3766,
-2541, 1771,-1227,  821, -511,  277,
 -103,  -19,   99, -144,  164, -166,
  162, -162,  180,  178,    6,   -2,
   -3,   24,  227,   87, -130,  167,
 -210,  256, -297,  325, -330,  303,
 -230,   98,  114, -436,  921,-1681,
 3019,-6105,24157,16399,-6292, 3768,
-2532, 1758,-1212,  806, -497,  264,
  -92,  -28,  106, -149,  167, -168,
  163, -162,  177,  180,    6,   -2,
   -3,   23,  226,   90, -132,  168,
 -210,  254, -294,  320, -323,  292,
 -216,   79,  137, -464,  954,-1720,
 3063,-6151,23964,16642,-6324, 3770,
-2523, 1744,-1197,  790, -483,  251,
  -81,  -37,  113, -154,  171, -170,
  164, -162,  175,  181,    6,   -2,
   -3,   23,  225,   93, -133,  169,
 -210,  253, -291,  315, -315,  281,
 -201,   61,  160, -491,  986,-1757,
 3106,-6194,23769,16883,-6354, 3770,
-2513, 1730,-1181,  775, -468,  238,
  -70,  -46,  120, -160,  174, -173,
  165, -162,  173,  183,    7,   -2,
   -3,   22,  224,   96, -135,  170,
 -209,  251, -288,  309, -307,  270,
 -187,   42,  183, -519, 1018,-1794,
 3147,-6235,23572,17124,-6382, 3768,
-2502, 1715,-1165,  759, -453,  225,
  -59,  -55,  127, -165,  178, -175,
  166, -162,  171,  184,    7,   -2,
   -3,   21,  223,   99, -136,  170,
 -209,  250, -284,  304, -299,  259,
 -172,   24,  205, -546, 1050,-1830,
 3187,-6273,23373,17364,-6407, 3766,
-2490, 1699,-1148,  742, -438,  212,
  -48,  -64,  134, -170,  181, -177,
  167, -161,  168,  186,    8,   -2,
   -3,   21,  221,  101, -138,  171,
 -209,  248, -281,  298, -291,  248,
 -158,    6,  228, -572, 1081,-1866,
 3226,-6309,23172,17603,-6431, 3762,
-2477, 1683,-1131,  726, -423,  198,
  -37,  -73,  140, -175,  184, -179,
  168, -161,  166,  187,    8,   -2,
   -3,   20,  220,  104, -139,  171,
 -208,  246, -278,  293, -283,  237,
 -143,  -13,  250, -599, 1111,-1900,
 3264,-6342,22969,17842,-6453, 3757,
-2463, 1666,-1113,  709, -407,  185,
  -26,  -82,  147, -180,  188, -180,
  168, -161,  164,  189,    8,   -2,
   -3,   20,  219,  107, -141,  172,
 -208,  245, -274,  287, -275,  226,
 -129,  -31,  272, -625, 1142,-1934,
 3300,-6372,22764,18079,-6472, 3750,
-2448, 1648,-1095,  691, -392,  171,
  -14,  -91,  154, -185,  191, -182,
  169, -160,  161,  190,    9,   -2,
   -3,   19,  218,  110, -142,  172,
 -207,  243, -271,  282, -266,  214,
 -114,  -49,  294, -651, 1171,-1967,
 3335,-6401,22557,18315,-6490, 3742,
-2432, 1630,-1077,  674, -376,  158,
   -3, -100,  161, -189,  194, -184,
  170, -160,  159,  192,    9,   -2,
   -3,   18,  216,  113, -143,  173,
 -207,  241, -267,  276, -258,  203,
  -99,  -67,  316, -676, 1200,-1999,
 3369,-6427,22348,18550,-6505, 3733,
-2416, 1611,-1058,  656, -360,  144,
    8, -109,  168, -194,  197, -186,
  170, -159,  156,  193,   10,   -2,
   -3,   18,  215,  115, -145,  173,
 -206,  239, -263,  270, -250,  192,
  -85,  -85,  338, -702, 1229,-2031,
 3401,-6450,22137,18785,-6519, 3722,
-2398, 1592,-1038,  638, -344,  130,
   20, -118,  175, -199,  200, -188,
  171, -159,  154,  194,   10,   -2,
   -3,   17,  214,  118, -146,  173,
 -205,  237, -259,  264, -241,  180,
  -70, -104,  359, -727, 1257,-2061,
 3432,-6471,21924,19018,-6530, 3710,
-2380, 1572,-1019,  620, -328,  116,
   31, -127,  181, -204,  203, -189,
  172, -158,  152,  196,   11,   -2,
   -3,   17,  212,  121, -147,  173,
 -204,  235, -255,  258, -233,  169,
  -56, -121,  381, -751, 1285,-2091,
 3461,-6489,21710,19250,-6539, 3697,
-2361, 1551, -998,  601, -311,  102,
   43, -136,  188, -208,  206, -191,
  172, -157,  149,  197,   11,   -2,
   -3,   16,  211,  123, -148,  174,
 -203,  232, -252,  252, -224,  158,
  -41, -139,  402, -776, 1312,-2120,
 3489,-6505,21494,19480,-6546, 3682,
-2341, 1530, -978,  582, -295,   88,
   54, -145,  195, -213,  209, -192,
  172, -157,  147,  199,   11,   -2,
   -3,   16,  210,  126, -149,  174,
 -202,  230, -248,  246, -215,  146,
  -27, -157,  423, -799, 1338,-2148,
 3516,-6519,21276,19710,-6550, 3666,
-2320, 1508, -957,  563, -278,   74,
   66, -154,  201, -218,  212, -194,
  173, -156,  144,  200,   12,   -2,
   -2,   15,  208,  129, -150,  174,
 -201,  228, -243,  240, -207,  135,
  -12, -175,  444, -823, 1364,-2175,
 3542,-6531,21057,19938,-6553, 3649,
-2298, 1485, -936,  544, -261,   60,
   77, -163,  208, -222,  215, -195,
  173, -155,  142,  202,   12,   -2,
   -2,   14,  207,  131, -151,  174,
 -200,  225, -239,  233, -198,  123,
    2, -192,  464, -846, 1389,-2201,
 3566,-6540,20836,20165,-6553, 3630,
-2275, 1462, -914,  524, -244,   45,
   89, -172,  214, -226,  217, -197,
  173, -154,  139,  203,   13,   -2,
   -2,   14,  206,  134, -152,  174,
 -199,  223, -235,  227, -189,  112,
   17, -210,  484, -869, 1414,-2227,
 3589,-6546,20614,20390,-6551, 3610,
-2251, 1438, -892,  504, -227,   31,
  100, -180,  221, -231,  220, -198,
  173, -153,  136,  204,   13,   -2,
   -2,   13,  204,  136, -153,  173,
 -198,  220, -231,  221, -180,  100,
   31, -227,  504, -892, 1438,-2251,
 3610,-6551,20390,20614,-6546, 3589,
-2227, 1414, -869,  484, -210,   17,
  112, -189,  227, -235,  223, -199,
  174, -152,  134,  206,   14,   -2,
   -2,   13,  203,  139, -154,  173,
 -197,  217, -226,  214, -172,   89,
   45, -244,  524, -914, 1462,-2275,
 3630,-6553,20165,20836,-6540, 3566,
-2201, 1389, -846,  464, -192,    2,
  123, -198,  233, -239,  225, -200,
  174, -151,  131,  207,   14,   -2,
   -2,   12,  202,  142, -155,  173,
 -195,  215, -222,  208, -163,   77,
   60, -261,  544, -936, 1485,-2298,
 3649,-6553,19938,21057,-6531, 3542,
-2175, 1364, -823,  444, -175,  -12,
  135, -207,  240, -243,  228, -201,
  174, -150,  129,  208,   15,   -2,
   -2,   12,  200,  144, -156,  173,
 -194,  212, -218,  201, -154,   66,
   74, -278,  563, -957, 1508,-2320,
 3666,-6550,19710,21276,-6519, 3516,
-2148, 1338, -799,  423, -157,  -27,
  146, -215,  246, -248,  230, -202,
  174, -149,  126,  210,   16,   -3,
   -2,   11,  199,  147, -157,  172,
 -192,  209, -213,  195, -145,   54,
   88, -295,  582, -978, 1530,-2341,
 3682,-6546,19480,21494,-6505, 3489,
-2120, 1312, -776,  402, -139,  -41,
  158, -224,  252, -252,  232, -203,
  174, -148,  123,  211,   16,   -3,
   -2,   11,  197,  149, -157,  172,
 -191,  206, -208,  188, -136,   43,
  102, -311,  601, -998, 1551,-2361,
 3697,-6539,19250,21710,-6489, 3461,
-2091, 1285, -751,  381, -121,  -56,
  169, -233,  258, -255,  235, -204,
  173, -147,  121,  212,   17,   -3,
   -2,   11,  196,  152, -158,  172,
 -189,  203, -204,  181, -127,   31,
  116, -328,  620,-1019, 1572,-2380,
 3710,-6530,19018,21924,-6471, 3432,
-2061, 1257, -727,  359, -104,  -70,
  180, -241,  264, -259,  237, -205,
  173, -146,  118,  214,   17,   -3,
   -2,   10,  194,  154, -159,  171,
 -188,  200, -199,  175, -118,   20,
  130, -344,  638,-1038, 1592,-2398,
 3722,-6519,18785,22137,-6450, 3401,
-2031, 1229, -702,  338,  -85,  -85,
  192, -250,  270, -263,  239, -206,
  173, -145,  115,  215,   18,   -3,
   -2,   10,  193,  156, -159,  170,
 -186,  197, -194,  168, -109,    8,
  144, -360,  656,-1058, 1611,-2416,
 3733,-6505,18550,22348,-6427, 3369,
-1999, 1200, -676,  316,  -67,  -99,
  203, -258,  276, -267,  241, -207,
  173, -143,  113,  216,   18,   -3,
   -2,    9,  192,  159, -160,  170,
 -184,  194, -189,  161, -100,   -3,
  158, -376,  674,-1077, 1630,-2432,
 3742,-6490,18315,22557,-6401, 3335,
-1967, 1171, -651,  294,  -49, -114,
  214, -266,  282, -271,  243, -207,
  172, -142,  110,  218,   19,   -3,
   -2,    9,  190,  161, -160,  169,
 -182,  191, -185,  154,  -91,  -14,
  171, -392,  691,-1095, 1648,-2448,
 3750,-6472,18079,22764,-6372, 3300,
-1934, 1142, -625,  272,  -31, -129,
  226, -275,  287, -274,  245, -208,
  172, -141,  107,  219,   20,   -3,
   -2,    8,  189,  164, -161,  168,
 -180,  188, -180,  147,  -82,  -26,
  185, -407,  709,-1113, 1666,-2463,
 3757,-6453,17842,22969,-6342, 3264,
-1900, 1111, -599,  250,  -13, -143,
  237, -283,  293, -278,  246, -208,
  171, -139,  104,  220,   20,   -3,
   -2,    8,  187,  166, -161,  168,
 -179,  184, -175,  140,  -73,  -37,
  198, -423,  726,-1131, 1683,-2477,
 3762,-6431,17603,23172,-6309, 3226,
-1866, 1081, -572,  228,    6, -158,
  248, -291,  298, -281,  248, -209,
  171, -138,  101,  221,   21,   -3,
   -2,    8,  186,  168, -161,  167,
 -177,  181, -170,  134,  -64,  -48,
  212, -438,  742,-1148, 1699,-2490,
 3766,-6407,17364,23373,-6273, 3187,
-1830, 1050, -546,  205,   24, -172,
  259, -299,  304, -284,  250, -209,
  170, -136,   99,  223,   21,   -3,
   -2,    7,  184,  171, -162,  166,
 -175,  178, -165,  127,  -55,  -59,
  225, -453,  759,-1165, 1715,-2502,
 3768,-6382,17124,23572,-6235, 3147,
-1794, 1018, -519,  183,   42, -187,
  270, -307,  309, -288,  251, -209,
  170, -135,   96,  224,   22,   -3,
   -2,    7,  183,  173, -162,  165,
 -173,  174, -160,  120,  -46,  -70,
  238, -468,  775,-1181, 1730,-2513,
 3770,-6354,16883,23769,-6194, 3106,
-1757,  986, -491,  160,   61, -201,
  281, -315,  315, -291,  253, -210,
  169, -133,   93,  225,   23,   -3,
   -2,    6,  181,  175, -162,  164,
 -170,  171, -154,  113,  -37,  -81,
  251, -483,  790,-1197, 1744,-2523,
 3770,-6324,16642,23964,-6151, 3063,
-1720,  954, -464,  137,   79, -216,
  292, -323,  320, -294,  254, -210,
  168, -132,   90,  226,   23,   -3,
   -2,    6,  180,  177, -162,  163,
 -168,  167, -149,  106,  -28,  -92,
  264, -497,  806,-1212, 1758,-2532,
 3768,-6292,16399,24157,-6105, 3019,
-1681,  921, -436,  114,   98, -230,
  303, -330,  325, -297,  256, -210,
  167, -130,   87,  227,   24,   -3,
   -2,    6,  178,  180, -162,  162,
 -166,  164, -144,   99,  -19, -103,
  277, -511,  821,-1227, 1771,-2541,
 3766,-6259,16156,24348,-6057, 2973,
-1642,  887, -408,   91,  117, -245,
  314, -338,  330, -300,  257, -210,
  167, -128,   85,  229,   25,   -3,
   -2,    5,  177,  182, -162,  161,
 -164,  160, -139,   92,  -10, -114,
  289, -525,  835,-1241, 1783,-2548,
 3762,-6223,15913,24536,-6006, 2926,
-1602,  854, -380,   68,  135, -259,
  325, -346,  335, -302,  258, -210,
  166, -127,   82,  230,   26,   -3,
   -2,    5,  175,  184, -162,  160,
 -161,  156, -134,   85,   -1, -125,
  302, -539,  850,-1255, 1795,-2555,
 3757,-6186,15669,24722,-5953, 2878,
-1561,  819, -351,   45,  154, -274,
  335, -353,  339, -305,  259, -210,
  165, -125,   79,  231,   26,   -3,
   -1,    5,  174,  186, -162,  159,
 -159,  153, -128,   78,    8, -136,
  314, -553,  864,-1269, 1806,-2560,
 3750,-6147,15424,24906,-5897, 2829,
-1520,  785, -323,   21,  172, -288,
  346, -360,  344, -308,  260, -210,
  164, -123,   76,  232,   27,   -3,
   -1,    4,  172,  188, -162,  157,
 -157,  149, -123,   70,   17, -146,
  326, -566,  878,-1282, 1817,-2565,
 3743,-6106,15179,25087,-5838, 2779,
-1478,  750, -294,   -2,  191, -302,
  356, -368,  349, -310,  261, -210,
  163, -121,   73,  233,   28,   -3,
   -1,    4,  171,  190, -162,  156,
 -154,  145, -118,   63,   26, -157,
  338, -579,  891,-1294, 1826,-2569,
 3734,-6063,14933,25266,-5777, 2727,
-1435,  714, -265,  -26,  209, -316,
  367, -375,  353, -313,  262, -209,
  161, -119,   70,  234,   28,   -3,
   -1,    4,  169,  192, -162,  155,
 -152,  141, -112,   56,   34, -168,
  350, -592,  904,-1306, 1836,-2572,
 3724,-6019,14687,25442,-5713, 2674,
-1392,  679, -235,  -49,  228, -330,
  377, -382,  358, -315,  263, -209,
  160, -118,   67,  235,   29,   -4,
   -1,    3,  168,  194, -162,  153,
 -149,  137, -107,   49,   43, -178,
  362, -605,  917,-1318, 1844,-2574,
 3712,-5973,14441,25617,-5647, 2619,
-1348,  642, -206,  -73,  246, -344,
  387, -389,  362, -317,  263, -208,
  159, -116,   64,  236,   30,   -4,
   -1,    3,  166,  196, -161,  152,
 -147,  133, -102,   42,   52, -188,
  374, -617,  929,-1329, 1852,-2575,
 3700,-5925,14194,25788,-5578, 2564,
-1303,  606, -176,  -97,  265, -358,
  397, -396,  366, -319,  264, -208,
  158, -114,   61,  237,   31,   -4,
   -1,    3,  165,  198, -161,  150,
 -144,  130,  -96,   35,   61, -199,
  385, -629,  941,-1340, 1859,-2575,
 3686,-5875,13948,25957,-5507, 2507,
-1258,  569, -147, -120,  283, -372,
  407, -402,  370, -321,  264, -207,
  156, -112,   59,  238,   32,   -4,
   -1,    2,  163,  200, -161,  149,
 -141,  126,  -91,   28,   69, -209,
  397, -641,  953,-1350, 1866,-2575,
 3671,-5824,13701,26124,-5433, 2449,
-1212,  532, -117, -144,  302, -386,
  417, -409,  374, -323,  265, -207,
  155, -110,   56,  239,   32,   -4,
   -1,    2,  161,  202, -160,  147,
 -139,  122,  -85,   21,   78, -219,
  408, -653,  964,-1359, 1871,-2573,
 3655,-5771,13453,26288,-5356, 2390,
-1165,  495,  -87, -168,  320, -400,
  427, -415,  378, -325,  265, -206,
  154, -108,   53,  240,   33,   -4,
   -1,    2,  160,  204, -160,  146,
 -136,  118,  -80,   14,   87, -229,
  419, -664,  975,-1368, 1877,-2571,
 3637,-5717,13206,26449,-5277, 2330,
-1118,  457,  -57, -191,  338, -413,
  436, -422,  382, -327,  265, -205,
  152, -105,   50,  241,   34,   -4,
   -1,    2,  158,  206, -159,  144,
 -133,  114,  -74,    7,   95, -238,
  429, -675,  986,-1377, 1881,-2568,
 3619,-5661,12959,26608,-5195, 2269,
-1070,  419,  -26, -215,  357, -427,
  446, -428,  385, -328,  265, -204,
  150, -103,   47,  242,   35,   -4,
   -1,    1,  157,  207, -159,  142,
 -130,  109,  -69,    0,  103, -248,
  440, -686,  996,-1385, 1885,-2564,
 3599,-5603,12711,26763,-5110, 2206,
-1021,  381,    4, -239,  375, -440,
  455, -434,  389, -330,  265, -203,
  149, -101,   44,  243,   36,   -4,
   -1,    1,  155,  209, -158,  140,
 -127,  105,  -63,   -7,  112, -258,
  451, -697, 1006,-1393, 1888,-2559,
 3578,-5544,12464,26917,-5023, 2143,
 -972,  342,   35, -263,  393, -454,
  464, -440,  392, -331,  265, -202,
  147,  -99,   41,  244,   36,   -4,
   -1,    1,  154,  211, -158,  139,
 -125,  101,  -58,  -14,  120, -267,
  461, -707, 1015,-1400, 1891,-2553,
 3556,-5484,12217,27067,-4933, 2078,
 -923,  303,   65, -286,  411, -467,
  473, -446,  395, -332,  265, -201,
  146,  -97,   38,  245,   37,   -4,
   -1,    1,  152,  213, -157,  137,
 -122,   97,  -52,  -21,  128, -277,
  471, -717, 1024,-1406, 1892,-2546,
 3533,-5422,11970,27215,-4841, 2012,
 -873,  264,   96, -310,  429, -480,
  482, -451,  398, -334,  265, -200,
  144,  -94,   35,  246,   38,   -4,
   -1,    0,  151,  214, -156,  135,
 -119,   93,  -47,  -28,  137, -286,
  481, -727, 1033,-1412, 1894,-2539,
 3509,-5359,11723,27359,-4746, 1945,
 -822,  225,  126, -334,  446, -493,
  491, -457,  401, -335,  265, -199,
  142,  -92,   32,  246,   39,   -4,
   -1,    0,  149,  216, -155,  133,
 -116,   89,  -41,  -34,  145, -295,
  490, -736, 1041,-1418, 1894,-2530,
 3484,-5294,11476,27501,-4649, 1877,
 -771,  185,  157, -357,  464, -505,
  500, -462,  404, -336,  264, -198,
  140,  -90,   29,  247,   40,   -4,
   -1,    0,  148,  218, -155,  131,
 -113,   85,  -36,  -41,  153, -304,
  500, -746, 1049,-1423, 1894,-2521,
 3458,-5228,11229,27640,-4548, 1808,
 -720,  145,  188, -381,  482, -518,
  509, -468,  407, -336,  264, -196,
  138,  -87,   26,  248,   41,   -4,
   -1,    0,  146,  219, -154,  129,
 -110,   80,  -30,  -48,  161, -313,
  509, -755, 1057,-1428, 1893,-2511,
 3430,-5161,10983,27776,-4446, 1738,
 -668,  106,  219, -405,  499, -530,
  517, -473,  410, -337,  263, -195,
  136,  -85,   23,  249,   42,   -4,
   -1,    0,  145,  221, -153,  127,
 -107,   76,  -25,  -55,  169, -322,
  518, -763, 1064,-1432, 1892,-2500,
 3402,-5092,10737,27910,-4340, 1667,
 -615,   65,  250, -428,  517, -543,
  525, -478,  412, -338,  263, -194,
  134,  -83,   20,  249,   43,   -4,
   -1,   -1,  143,  223, -152,  125,
 -103,   72,  -19,  -62,  177, -330,
  527, -772, 1071,-1435, 1890,-2488,
 3372,-5023,10492,28040,-4233, 1595,
 -562,   25,  280, -451,  534, -555,
  533, -483,  414, -338,  262, -192,
  132,  -80,   18,  250,   44,   -4,
   -1,   -1,  141,  224, -151,  123,
 -100,   68,  -14,  -68,  184, -339,
  536, -780, 1077,-1439, 1887,-2476,
 3342,-4952,10247,28167,-4122, 1522,
 -509,  -15,  311, -475,  551, -567,
  541, -487,  417, -339,  261, -190,
  130,  -78,   15,  251,   45,   -4,
   -1,   -1,  140,  226, -150,  121,
  -97,   63,   -8,  -75,  192, -347,
  544, -788, 1083,-1441, 1884,-2463,
 3310,-4879,10002,28291,-4009, 1448,
 -455,  -56,  342, -498,  568, -579,
  549, -492,  419, -339,  260, -189,
  128,  -75,   12,  252,   45,   -4,
   -1,   -1,  138,  227, -149,  119,
  -94,   59,   -3,  -82,  200, -355,
  553, -795, 1089,-1443, 1880,-2448,
 3278,-4806, 9758,28412,-3893, 1373,
 -401,  -97,  373, -521,  585, -591,
  557, -496,  421, -339,  259, -187,
  126,  -73,    9,  252,   46,   -4,
   -1,   -1,  137,  228, -148,  116,
  -91,   55,    2,  -88,  207, -363,
  561, -802, 1094,-1445, 1875,-2434,
 3245,-4732, 9515,28531,-3775, 1297,
 -347, -137,  404, -544,  601, -602,
  564, -500,  422, -339,  258, -185,
  124,  -70,    6,  253,   47,   -4,
   -1,   -2,  135,  230, -147,  114,
  -88,   51,    8,  -95,  214, -371,
  569, -809, 1099,-1446, 1870,-2418,
 3210,-4656, 9272,28646,-3654, 1220,
 -292, -178,  434, -567,  618, -614,
  571, -505,  424, -339,  257, -183,
  121,  -68,    3,  253,   48,   -4,
   -1,   -2,  134,  231, -145,  112,
  -84,   46,   13, -101,  222, -379,
  576, -816, 1103,-1446, 1864,-2401,
 3175,-4579, 9030,28757,-3531, 1143,
 -237, -219,  465, -589,  634, -625,
  578, -508,  426, -339,  256, -181,
  119,  -65,    0,  254,   49,   -4,
   -1,   -2,  132,  232, -144,  110,
  -81,   42,   19, -107,  229, -387,
  584, -822, 1107,-1446, 1858,-2384,
 3139,-4502, 8789,28866,-3405, 1064,
 -181, -260,  496, -612,  650, -636,
  585, -512,  427, -339,  254, -179,
  117,  -62,   -3,  255,   50,   -4,
   -1,   -2,  131,  234, -143,  107,
  -78,   38,   24, -114,  236, -394,
  591, -828, 1111,-1446, 1851,-2366,
 3101,-4423, 8548,28972,-3277,  985,
 -125, -301,  526, -634,  666, -647,
  592, -516,  428, -338,  253, -177,
  114,  -60,   -6,  255,   51,   -5,
   -1,   -2,  129,  235, -142,  105,
  -75,   33,   29, -120,  243, -402,
  598, -834, 1114,-1445, 1843,-2348,
 3063,-4343, 8308,29074,-3146,  904,
  -69, -343,  557, -657,  682, -657,
  599, -519,  429, -338,  251, -175,
  112,  -57,   -9,  256,   52,   -5,
   -1,   -2,  128,  236, -140,  103,
  -71,   29,   35, -126,  250, -409,
  605, -840, 1117,-1444, 1835,-2328,
 3024,-4263, 8069,29173,-3013,  823,
  -13, -384,  587, -679,  698, -668,
  605, -522,  430, -337,  250, -173,
  109,  -55,  -11,  256,   54,   -5,
   -1,   -2,  126,  238, -139,  100,
  -68,   25,   40, -132,  257, -416,
  611, -845, 1120,-1442, 1826,-2308,
 2985,-4182, 7831,29269,-2877,  742,
   44, -425,  618, -701,  713, -678,
  611, -526,  431, -336,  248, -171,
  107,  -52,  -14,  257,   55,   -5,
   -1,   -3,  125,  239, -137,   98,
  -65,   20,   45, -139,  263, -423,
  617, -850, 1122,-1439, 1816,-2287,
 2944,-4099, 7594,29362,-2738,  659,
  101, -466,  648, -723,  728, -688,
  617, -528,  432, -336,  246, -169,
  104,  -49,  -17,  257,   56,   -5,
   -1,   -3,  123,  240, -136,   95,
  -61,   16,   50, -145,  270, -429,
  624, -854, 1124,-1437, 1806,-2265,
 2903,-4016, 7357,29451,-2598,  576,
  158, -508,  678, -744,  743, -698,
  623, -531,  432, -335,  244, -166,
  102,  -46,  -20,  257,   57,   -5,
   -1,   -3,  122,  241, -134,   93,
  -58,   12,   56, -151,  277, -436,
  629, -859, 1125,-1433, 1796,-2243,
 2861,-3932, 7122,29538,-2454,  492,
  215, -549,  708, -766,  758, -707,
  629, -534,  433, -334,  242, -164,
   99,  -44,  -23,  258,   58,   -5,
   -1,   -3,  120,  242, -133,   90,
  -54,    8,   61, -157,  283, -442,
  635, -862, 1126,-1429, 1784,-2220,
 2818,-3848, 6888,29620,-2309,  407,
  273, -590,  737, -787,  773, -717,
  634, -536,  433, -332,  240, -161,
   97,  -41,  -26,  258,   59,   -5,
    0,   -3,  119,  243, -131,   88,
  -51,    3,   66, -162,  289, -448,
  640, -866, 1126,-1425, 1773,-2197,
 2774,-3762, 6654,29700,-2160,  322,
  331, -631,  767, -808,  787, -726,
  639, -538,  433, -331,  238, -159,
   94,  -38,  -28,  258,   60,   -5,
    0,   -3,  117,  244, -130,   85,
  -48,   -1,   71, -168,  295, -454,
  646, -869, 1127,-1420, 1760,-2172,
 2729,-3676, 6422,29776,-2010,  236,
  388, -672,  797, -829,  801, -735,
  644, -540,  433, -330,  236, -156,
   91,  -35,  -31,  259,   61,   -5,
    0,   -3,  116,  245, -128,   83,
  -44,   -5,   76, -174,  301, -460,
  650, -872, 1126,-1415, 1747,-2147,
 2684,-3589, 6191,29849,-1857,  149,
  446, -713,  826, -849,  815, -744,
  649, -542,  433, -328,  234, -153,
   88,  -33,  -34,  259,   62,   -5,
    0,   -3,  114,  246, -126,   80,
  -41,   -9,   81, -179,  307, -466,
  655, -875, 1126,-1409, 1734,-2122,
 2638,-3502, 5962,29918,-1702,   62,
  504, -754,  855, -870,  829, -752,
  654, -544,  433, -327,  231, -151,
   86,  -30,  -37,  259,   63,   -5,
    0,   -4,  113,  247, -125,   77,
  -38,  -14,   86, -185,  313, -471,
  660, -878, 1125,-1403, 1720,-2095,
 2592,-3414, 5733,29984,-1544,  -26,
  562, -795,  884, -890,  842, -760,
  658, -546,  432, -325,  229, -148,
   83,  -27,  -39,  259,   64,   -5,
    0,   -4,  112,  248, -123,   75,
  -34,  -18,   91, -190,  319, -477,
  664, -880, 1123,-1396, 1705,-2069,
 2544,-3325, 5506,30047,-1384, -114,
  621, -835,  912, -909,  855, -769,
  662, -547,  432, -323,  226, -145,
   80,  -24,  -42,  260,   66,   -5,
    0,   -4,  110,  249, -121,   72,
  -31,  -22,   96, -196,  324, -482,
  668, -881, 1122,-1389, 1690,-2041,
 2496,-3236, 5280,30106,-1222, -203,
  679, -876,  941, -929,  868, -776,
  666, -548,  431, -321,  224, -142,
   77,  -21,  -45,  260,   67,   -5,
    0,   -4,  109,  250, -119,   69,
  -27,  -26,  101, -201,  330, -487,
  672, -883, 1120,-1382, 1674,-2013,
 2448,-3147, 5055,30162,-1057, -292,
  737, -916,  969, -948,  881, -784,
  670, -549,  430, -319,  221, -139,
   74,  -19,  -48,  260,   68,   -5,
    0,   -4,  107,  250, -117,   67,
  -24,  -30,  105, -206,  335, -492,
  675, -884, 1117,-1374, 1658,-1984,
 2399,-3057, 4832,30215, -890, -382,
  795, -956,  997, -967,  893, -791,
  673, -550,  429, -317,  218, -136,
   71,  -16,  -50,  260,   69,   -5,
    0,   -4,  106,  251, -115,   64,
  -20,  -34,  110, -212,  340, -496,
  678, -885, 1114,-1365, 1641,-1955,
 2349,-2966, 4610,30264, -721, -472,
  854, -996, 1025, -986,  905, -798,
  677, -550,  428, -314,  215, -133,
   68,  -13,  -53,  260,   70,   -5,
    0,   -4,  104,  252, -113,   61,
  -17,  -38,  115, -217,  345, -501,
  681, -886, 1111,-1356, 1624,-1925,
 2298,-2875, 4390,30309, -550, -562,
  912,-1036, 1052,-1005,  917, -805,
  680, -551,  426, -312,  212, -130,
   65,  -10,  -55,  260,   72,   -5,
    0,   -4,  103,  253, -112,   58,
  -14,  -43,  120, -222,  350, -505,
  684, -886, 1107,-1347, 1606,-1895,
 2248,-2784, 4171,30351, -376, -653,
  970,-1075, 1079,-1023,  929, -812,
  683, -551,  425, -309,  209, -127,
   62,   -7,  -58,  260,   73,   -5,
    0,   -4,  102,  253, -109,   56,
  -10,  -47,  124, -226,  355, -509,
  687, -886, 1103,-1337, 1588,-1864,
 2196,-2692, 3954,30390, -200, -745,
 1028,-1115, 1106,-1041,  940, -818,
  685, -551,  423, -307,  206, -124,
   59,   -4,  -61,  260,   74,   -5,
    0,   -4,  100,  254, -107,   53,
   -7,  -51,  129, -231,  360, -513,
  689, -886, 1099,-1327, 1569,-1833,
 2144,-2600, 3738,30425,  -22, -836,
 1086,-1154, 1133,-1059,  951, -824,
  688, -551,  421, -304,  203, -120,
   56,   -1,  -63,  260,   75,   -5,
    0,   -4,   99,  254, -105,   50,
   -3,  -55,  133, -236,  364, -516,
  691, -885, 1094,-1316, 1550,-1801,
 2092,-2508, 3524,30457,  158, -928,
 1144,-1193, 1159,-1076,  962, -830,
  690, -551,  419, -301,  200, -117,
   53,    1,  -66,  260,   76,   -5,
    0,   -4,   97,  255, -103,   47,
    0,  -59,  138, -241,  368, -520,
  693, -884, 1089,-1305, 1530,-1768,
 2039,-2416, 3311,30485,  340,-1020,
 1202,-1231, 1185,-1093,  972, -835,
  692, -550,  417, -298,  196, -114,
   49,    4,  -68,  260,   78,   -5,
    0,   -4,   96,  256, -101,   44,
    3,  -63,  142, -245,  373, -523,
  695, -883, 1084,-1294, 1510,-1736,
 1985,-2323, 3100,30509,  525,-1113,
 1259,-1270, 1211,-1110,  982, -840,
  694, -549,  415, -295,  193, -110,
   46,    7,  -71,  260,   79,   -5,
    0,   -4,   95,  256,  -99,   42,
    7,  -66,  146, -250,  377, -526,
  696, -881, 1078,-1282, 1490,-1702,
 1932,-2230, 2891,30530,  711,-1205,
 1317,-1308, 1236,-1126,  992, -845,
  695, -549,  413, -292,  189, -107,
   43,   10,  -73,  260,   80,   -5,
    0,   -5,   93,  257,  -97,   39,
   10,  -70,  151, -254,  381, -529,
  697, -879, 1072,-1270, 1469,-1668,
 1877,-2137, 2684,30548,  900,-1298,
 1374,-1345, 1261,-1142, 1002, -850,
  696, -548,  410, -288,  186, -103,
   40,   13,  -76,  260,   81,   -5,
    0,   -5,   92,  257,  -95,   36,
   14,  -74,  155, -258,  385, -532,
  698, -877, 1066,-1257, 1447,-1634,
 1823,-2044, 2478,30562, 1090,-1391,
 1431,-1383, 1286,-1158, 1011, -854,
  697, -546,  407, -285,  182, -100,
   37,   16,  -78,  259,   83,   -5,
    0,   -5,   91,  257,  -92,   33,
   17,  -78,  159, -262,  388, -535,
  699, -875, 1059,-1244, 1425,-1599,
 1768,-1951, 2274,30573, 1283,-1484,
 1488,-1420, 1310,-1173, 1019, -859,
  698, -545,  404, -281,  178,  -96,
   33,   19,  -81,  259,   84,   -5,
    0,   -5,   89,  258,  -90,   30,
   20,  -82,  163, -266,  392, -537,
  699, -872, 1052,-1230, 1403,-1564,
 1712,-1858, 2072,30580, 1477,-1578,
 1545,-1456, 1334,-1188, 1028, -862,
  699, -543,  402, -278,  175,  -93,
   30,   22,  -83,  259,   85,   -5,
   -2,   -5,   88,  258,  -88,   27,
   24,  -85,  167, -270,  395, -539,
  699, -869, 1044,-1217, 1380,-1529,
 1657,-1764, 1872,30583, 1674,-1671,
 1601,-1493, 1357,-1202, 1036, -866,
  699, -541,  398, -274,  171,  -89,
   27,   25,  -85,  259,   87,   -5,
