0,
1,
3,
5,
8,
11,
15,
20,
25,
31,
37,
44,
52,
60,
69,
79,
89,
100,
111,
123,
136,
149,
163,
177,
192,
208,
224,
241,
258,
276,
295,
314,
334,
355,
376,
397,
420,
442,
466,
490,
515,
540,
566,
592,
619,
647,
675,
704,
734,
764,
794,
825,
857,
889,
922,
956,
990,
1025,
1060,
1096,
1132,
1169,
1207,
1245,
1283,
1323,
1363,
1403,
1444,
1485,
1527,
1570,
1613,
1657,
1701,
1746,
1791,
1837,
1884,
1931,
1978,
2027,
2075,
2124,
2174,
2224,
2275,
2327,
2378,
2431,
2484,
2537,
2591,
2646,
2700,
2756,
2812,
2868,
2926,
2983,
3041,
3100,
3159,
3218,
3278,
3339,
3400,
3461,
3523,
3586,
3649,
3712,
3776,
3840,
3905,
3970,
4036,
4102,
4169,
4236,
4304,
4372,
4441,
4510,
4579,
4649,
4719,
4790,
4861,
4933,
5005,
5077,
5150,
5223,
5297,
5371,
5446,
5521,
5596,
5672,
5748,
5825,
5902,
5979,
6057,
6135,
6214,
6293,
6372,
6452,
6532,
6612,
6693,
6774,
6856,
6937,
7020,
7102,
7185,
7268,
7352,
7436,
7520,
7605,
7690,
7775,
7861,
7947,
8033,
8120,
8207,
8294,
8381,
8469,
8557,
8645,
8734,
8823,
8912,
9002,
9092,
9182,
9272,
9363,
9454,
9545,
9636,
9728,
9820,
9912,
10004,
10097,
10190,
10283,
10376,
10470,
10563,
10657,
10752,
10846,
10941,
11035,
11130,
11226,
11321,
11417,
11512,
11608,
11705,
11801,
11897,
11994,
12091,
12188,
12285,
12382,
12480,
12578,
12675,
12773,
12871,
12969,
13068,
13166,
13265,
13363,
13462,
13561,
13660,
13759,
13858,
13957,
14057,
14156,
14256,
14355,
14455,
14555,
14655,
14755,
14855,
14955,
15055,
15155,
15255,
15355,
15455,
15556,
15656,
15756,
15857,
15957,
16058,
16158,
16258,
16359,
16459,
16560,
16660,
16761,
16861,
16961,
17062,
17162,
17262,
17363,
17463,
17563,
17663,
17763,
17863,
17963,
18063,
18163,
18263,
18363,
18462,
18562,
18661,
18761,
18860,
18959,
19059,
19158,
19257,
19355,
19454,
19553,
19651,
19749,
19848,
19946,
20044,
20142,
20239,
20337,
20434,
20531,
20629,
20725,
20822,
20919,
21015,
21111,
21208,
21303,
21399,
21495,
21590,
21685,
21780,
21875,
21969,
22064,
22158,
22252,
22345,
22439,
22532,
22625,
22718,
22810,
22902,
22994,
23086,
23178,
23269,
23360,
23451,
23541,
23631,
23721,
23811,
23900,
23989,
24078,
24167,
24255,
24343,
24431,
24518,
24605,
24692,
24778,
24864,
24950,
25035,
25121,
25205,
25290,
25374,
25458,
25541,
25624,
25707,
25789,
25872,
25953,
26035,
26116,
26196,
26276,
26356,
26436,
26515,
26594,
26672,
26750,
26828,
26905,
26982,
27058,
27134,
27210,
27285,
27359,
27434,
27508,
27581,
27654,
27727,
27799,
27871,
27943,
28014,
28084,
28154,
28224,
28293,
28362,
28430,
28498,
28565,
28632,
28699,
28765,
28830,
28895,
28960,
29024,
29088,
29151,
29214,
29276,
29338,
29399,
29460,
29520,
29580,
29639,
29698,
29756,
29814,
29871,
29928,
29984,
30040,
30095,
30150,
30204,
30258,
30311,
30363,
30416,
30467,
30518,
30569,
30619,
30668,
30717,
30766,
30813,
30861,
30907,
30954,
30999,
31044,
31089,
31133,
31176,
31219,
31262,
31303,
31345,
31385,
31425,
31465,
31504,
31542,
31580,
31617,
31654,
31690,
31726,
31761,
31795,
31829,
31862,
31895,
31927,
31958,
31989,
32020,
32049,
32078,
32107,
32135,
32162,
32189,
32215,
32241,
32266,
32290,
32314,
32337,
32360,
32382,
32403,
32424,
32444,
32464,
32482,
32501,
32519,
32536,
32552,
32568,
32584,
32598,
32612,
32626,
32639,
32651,
32663,
32674,
32684,
32694,
32703,
32712,
32720,
32727,
32734,
32740,
32746,
32751,
32755,
32759,
32762,
32764,
32766,
32767,
32768,
