1.76848853969026,
2.04026297741377,
1.95832607065187,
4.25462405823300,
4.53830027179891,
1.76627145087371,
1.49295880577619,
1.31478898299662,
2.31278531641883,
6.10057419524217,
6.97249682344119,
7.59561986620245,
17.0811385358358,
21.7364761098240,
15.5563156192093,
8.84738871248992,
7.26710441393099,
4.61451962556110,
7.24370908618037,
3.81504326361678,
4.70966878679638,
4.82794664992788,
8.97447180809665,
5.90124293981400,
4.88050775930089,
2.93801616587649,
3.44767542468687,
5.07580784545721,
2.99710864903406,
3.60162361665732,
5.18352674678534,
7.93385851893795,
6.78502324381749,
6.25907788832082,
3.59400882748761,
4.09096280056032,
6.47694206710725,
6.48960348464236,
3.96303357294133,
3.21688758237177,
3.84856553446611,
4.93029021564378,
4.17085610891349,
3.93315259229203,
2.94655956937884,
1.93628836781992,
2.41322540458304,
1.71337634692882,
1.46086142745829,
0.893358901934877,
0.788008026330234,
1.12721321521339,
1.32119805490140,
1.14474729298292,
0.709898545935568,
0.429548622660602,
1.38090795264148,
1.77474311672441,
0.945709583909121,
0.548762859492292,
0.610132359416301,
0.705096027055754,
0.699591805877445,
0.485217896691696,
0.448971193462156,
0.853433645919905,
0.858710117867307,
0.497222917568863,
0.588404017165199,
0.965570130208852,
0.966831807345051,
1.04067625454418 ,
0.888511402547990,
0.881920827179243,
1.07656730504551,
1.22480423113021,
0.572695715140423,
0.484119760697217,
0.629926920114993,
0.649049372184190,
0.852510527730065,
0.900570073552568,
1.04505736167844,
1.21959777630658,
1.54602957118685,
1.16302540851429,
0.847987082668590,
0.594997654094805,
0.521190937780482,
0.536988270195772,
0.557847080740491,
0.562971086270445,
0.527181570453901,
0.680149927333064,
0.687744737016841,
1.03172381268926,
0.939589131786094,
0.998883740225168,
0.874235736623089,
1.36188972987808,
1.31735912122991,
1.48547580492318,
0.851632464133618,
0.774957703286908,
1.21689275613732,
1.10123917453135,
0.851026255249245,
0.923999974413935,
1.64193747664716,
1.46644918857606,
2.07736876469364,
1.95188911606027,
2.22862383659766,
1.64251638062809,
1.08230740981932,
0.850249199024237,
0.866483741063416,
0.861977279229662,
1.05401543673551,
1.20710420418000,
1.47717222056535,
1.72550663111535,
1.91077168278798,
2.17351446791719,
1.43102286817571,
1.24430087467058,
0.839653386157336,
1.29860910561723,
0.962390167394126,